row,col,weight
0,3,11.6959
0,4,15.3878
0,8,3.4008
0,14,14.6689
0,17,26.6821
0,24,23.4016
0,27,2.2192
0,28,2.789
0,29,4.9235
0,35,4.2072
0,36,3.2119
0,38,15.551
0,41,26.7616
0,44,15.2739
0,48,22.2618
0,54,3.5483
0,58,10.951
0,70,15.3331
0,75,12.4314
0,78,11.8511
0,79,18.5192
0,82,5.7078
0,87,28.4413
0,103,4.1722
0,105,12.7886
0,113,5.4941
0,117,19.8625
0,123,14.1016
0,128,21.2443
0,130,19.9364
0,133,16.5029
0,135,1.5568
0,138,21.4344
0,139,3.9777
0,152,6.8337
0,155,4.6181
0,156,3.1804
0,159,19.0988
0,160,1.0531
1,4,10.7219
1,10,1.677
1,12,7.1693
1,13,22.5806
1,14,21.1042
1,15,3.519
1,16,18.7263
1,20,20.4717
1,21,21.7248
1,33,5.1469
1,35,18.95
1,36,5.9591
1,39,18.3353
1,41,7.9174
1,45,24.4606
1,53,25.6703
1,61,17.0482
1,63,24.655
1,67,17.2171
1,73,19.4402
1,76,13.12
1,78,14.7502
1,80,14.4918
1,81,26.7037
1,84,4.9343
1,87,17.0689
1,88,6.7899
1,95,20.6944
1,104,7.2
1,105,12.6575
1,111,1.9521
1,116,25.4305
1,125,17.8556
1,127,1.0675
1,131,29.5476
1,136,16.7599
1,141,10.1683
1,142,14.053
1,146,25.1058
1,147,5.5524
1,150,13.3591
1,153,12.7781
1,154,18.2158
1,158,11.8852
1,167,12.968
1,169,1.1855
2,3,1.516
2,5,19.2178
2,8,11.6176
2,9,25.9874
2,10,3.2346
2,11,3.7432
2,14,18.2133
2,19,25.8613
2,20,12.8341
2,21,16.1145
2,22,8.7259
2,23,4.7536
2,25,20.8124
2,26,29.5522
2,27,17.6076
2,29,9.9277
2,33,12.9138
2,35,6.3931
2,36,16.6876
2,38,21.0071
2,39,2.2043
2,40,20.2791
2,41,29.4003
2,42,24.876
2,43,2.4943
2,46,2.1254
2,47,24.5768
2,48,1.4386
2,50,10.3956
2,51,5.9092
2,52,1.0783
2,56,27.0054
2,57,26.4435
2,59,25.7
2,61,29.7711
2,62,28.5664
2,65,11.6685
2,68,21.4414
2,69,7.8819
2,70,10.247
2,76,21.5942
2,77,25.5858
2,82,23.1205
2,87,20.2793
2,88,6.572
2,89,9.4651
2,90,2.0291
2,91,10.295
2,93,4.3248
2,95,20.1478
2,96,28.6896
2,97,6.2726
2,98,23.2241
2,100,5.0084
2,104,1.956
2,110,28.4615
2,111,12.98
2,112,16.2185
2,113,29.5347
2,114,14.3138
2,115,29.2999
2,116,24.4971
2,120,15.1283
2,122,4.9798
2,124,8.9781
2,125,11.8444
2,126,14.5382
2,129,4.3345
2,132,29.5176
2,133,5.7748
2,134,17.2228
2,135,19.7718
2,136,7.436
2,137,25.2469
2,138,7.0537
2,139,13.0054
2,141,2.3989
2,142,15.0588
2,143,11.0544
2,144,17.0404
2,145,3.2306
2,146,12.7788
2,147,26.0861
2,148,8.1185
2,152,24.2156
2,155,24.7248
2,156,13.9135
2,157,15.2635
2,158,23.0834
2,159,27.787
2,161,26.8064
2,162,26.7093
2,165,13.2556
2,166,2.416
2,167,2.4505
2,169,10.7459
3,5,10.4077
3,6,24.1643
3,7,23.5551
3,11,20.1219
3,12,17.6917
3,16,24.467
3,18,12.1291
3,20,22.8289
3,21,9.8586
3,22,25.7641
3,23,22.6429
3,24,10.0303
3,27,26.5668
3,28,2.0162
3,29,10.8734
3,31,24.4241
3,32,23.2558
3,35,17.8583
3,37,24.4232
3,43,21.5152
3,44,5.9335
3,47,10.1002
3,49,10.5088
3,50,3.5578
3,51,23.266
3,55,23.9364
3,57,28.9451
3,61,11.2138
3,64,20.4531
3,65,20.0017
3,66,14.0525
3,68,11.001
3,69,12.2518
3,71,3.7722
3,72,28.0672
3,75,28.3656
3,76,18.7135
3,77,21.4628
3,78,15.6428
3,79,19.7974
3,82,18.3921
3,84,13.6335
3,85,4.8125
3,87,26.207
3,88,25.745
3,90,6.3644
3,91,11.0641
3,97,22.396
3,98,3.7823
3,100,16.3891
3,101,2.4836
3,102,13.4075
3,104,16.9235
3,106,14.9989
3,108,2.5871
3,109,8.5873
3,111,14.779
3,112,19.6734
3,113,11.4921
3,114,5.7569
3,115,1.2291
3,118,4.5965
3,119,13.9014
3,122,26.5746
3,123,6.2225
3,126,24.6182
3,127,13.0997
3,128,21.3305
3,130,15.7141
3,133,1.2148
3,134,12.7585
3,135,7.3448
3,136,29.9347
3,138,24.8089
3,141,24.4912
3,143,26.3672
3,146,8.8679
3,149,29.523
3,153,28.8936
3,155,5.1608
3,156,22.2258
3,158,29.7528
3,159,14.3474
3,167,21.0537
3,168,1.094
3,169,14.0509
4,6,4.5145
4,9,11.9824
4,13,1.9865
4,15,21.3898
4,16,17.3279
4,17,22.8412
4,20,15.8979
4,24,20.3807
4,26,24.102
4,29,6.627
4,30,18.0694
4,35,28.6876
4,40,13.4534
4,43,16.4948
4,44,19.359
4,46,12.0566
4,49,10.5214
4,50,24.3578
4,52,23.2052
4,55,9.5509
4,56,8.6929
4,57,2.5176
4,58,29.3142
4,60,5.361
4,62,19.6362
4,63,17.4733
4,67,1.2019
4,68,6.9076
4,69,8.4678
4,75,20.51
4,76,8.0897
4,78,20.8474
4,81,22.0351
4,86,28.4261
4,88,7.6937
4,91,3.8079
4,92,1.1811
4,94,12.913
4,95,6.5752
4,96,17.5643
4,97,19.3845
4,98,11.4311
4,99,25.2809
4,103,14.4439
4,104,24.6324
4,105,21.4737
4,110,27.4073
4,115,21.7164
4,117,20.4613
4,119,7.7479
4,120,24.9416
4,121,8.1278
4,122,23.1776
4,123,27.0078
4,125,18.0454
4,131,12.0115
4,133,4.3915
4,135,6.7429
4,136,24.93
4,139,2.6243
4,141,29.2156
4,143,15.7734
4,144,26.4882
4,145,27.2526
4,146,13.3016
4,147,21.234
4,148,24.9976
4,153,16.5474
4,154,4.0371
4,156,19.8596
4,157,20.5483
4,159,19.2483
4,160,20.5773
4,161,9.6582
4,162,23.4756
4,163,18.289
4,164,3.6029
4,165,24.1678
4,166,9.9025
4,167,10.4018
5,7,16.5249
5,8,12.3151
5,11,19.5625
5,12,5.2348
5,13,11.9293
5,14,11.0742
5,15,29.2923
5,20,27.0146
5,21,21.244
5,22,29.5921
5,26,9.9518
5,28,9.674
5,30,15.9569
5,31,28.2045
5,32,20.3521
5,33,21.2568
5,34,9.658
5,35,11.9584
5,37,12.47
5,39,27.2819
5,40,20.6911
5,43,1.142
5,46,10.667
5,47,11.7293
5,49,23.5781
5,51,25.5889
5,54,15.5717
5,55,23.8196
5,59,15.3295
5,62,8.5421
5,64,21.6114
5,67,22.1048
5,69,1.6697
5,73,9.6301
5,75,11.7516
5,79,7.9179
5,82,14.3457
5,83,6.4112
5,85,29.1633
5,88,7.5711
5,91,26.637
5,95,2.7405
5,96,11.8686
5,98,1.7728
5,100,21.215
5,101,13.8651
5,103,20.2937
5,104,14.9175
5,105,2.0991
5,106,4.1482
5,107,9.8735
5,108,7.256
5,109,8.7554
5,110,15.6617
5,111,16.2549
5,112,10.2648
5,113,3.9849
5,114,5.4678
5,117,14.4218
5,119,8.2382
5,121,14.0931
5,122,10.9336
5,124,18.2844
5,125,23.0141
5,126,26.5606
5,127,13.9884
5,128,6.631
5,129,27.7219
5,132,20.3722
5,134,23.5803
5,135,18.679
5,139,17.2464
5,140,10.2858
5,141,1.2868
5,142,11.8581
5,144,27.6422
5,145,20.3633
5,149,23.3223
5,154,15.6061
5,156,8.1733
5,157,2.1624
5,159,18.031
5,160,5.8911
5,162,18.6767
5,163,14.785
5,165,22.9491
5,167,1.0237
5,168,12.288
5,169,14.5815
6,9,3.5972
6,28,18.394
6,29,23.0602
6,30,15.5426
6,31,2.3265
6,32,18.3553
6,34,15.046
6,39,2.948
6,41,8.4471
6,46,7.186
6,54,24.0925
6,55,5.7201
6,56,4.6943
6,57,29.2629
6,61,13.1617
6,67,25.6206
6,72,1.7702
6,81,28.4472
6,85,12.4076
6,88,21.8271
6,89,22.256
6,95,25.4551
6,96,3.9672
6,101,20.2265
6,103,8.7743
6,112,25.5724
6,114,7.5547
6,116,11.6102
6,117,5.1442
6,122,2.6475
6,125,28.4172
6,128,26.4993
6,130,21.7495
6,134,3.588
6,139,19.8867
6,142,10.486
6,149,5.3767
6,152,17.3622
6,155,3.7323
6,156,20.0501
6,162,23.5707
6,166,16.3234
7,8,6.9894
7,9,5.3627
7,10,22.0858
7,11,12.7741
7,13,25.6975
7,14,17.7523
7,15,9.4284
7,18,17.6933
7,19,8.3342
7,21,23.4104
7,22,1.726
7,27,19.7158
7,28,16.5228
7,29,6.391
7,31,27.0996
7,34,2.0032
7,36,1.0113
7,37,5.3954
7,38,24.8083
7,41,17.8389
7,47,1.88
7,48,13.0402
7,49,5.3753
7,51,2.0822
7,54,10.5374
7,56,5.4503
7,58,20.6193
7,60,7.5634
7,67,29.8812
7,68,6.0962
7,71,4.197
7,76,12.0575
7,78,8.758
7,79,9.6141
7,83,13.3217
7,85,6.399
7,86,4.2548
7,89,3.0026
7,90,1.9762
7,95,26.7447
7,97,10.9014
7,98,25.0225
7,99,8.2445
7,100,16.7335
7,101,26.8502
7,102,4.7322
7,104,1.0342
7,107,27.3563
7,108,8.4299
7,109,8.0074
7,113,13.5216
7,114,5.5455
7,121,14.6355
7,122,17.4929
7,123,25.6417
7,124,6.6148
7,125,16.2643
7,126,12.4606
7,127,21.2957
7,128,17.459
7,129,15.2089
7,133,29.0166
7,135,20.7259
7,136,21.4215
7,137,21.3753
7,138,15.4696
7,141,26.6829
7,142,24.2918
7,144,9.542
7,145,14.1913
7,147,7.8366
7,148,6.0317
7,149,16.673
7,152,5.3768
7,154,18.7525
7,157,7.7422
7,159,24.0406
7,161,15.5769
7,162,2.328
7,163,4.8236
7,164,1.7274
7,166,2.0318
8,9,26.4675
8,21,5.9404
8,25,12.2637
8,32,7.4697
8,34,27.5836
8,40,9.4399
8,55,13.8845
8,63,18.7008
8,71,21.8113
8,74,4.5343
8,80,25.0841
8,81,13.1737
8,85,14.339
8,94,3.9687
8,98,22.8913
8,100,1.7449
8,110,16.8097
8,114,17.986
8,116,11.5012
8,117,22.2346
8,120,18.0747
8,124,23.5273
8,125,7.4581
8,131,15.202
8,134,10.3406
8,150,10.2291
8,154,28.9985
8,164,14.189
9,10,3.795
9,11,17.1739
9,12,14.2298
9,13,21.043
9,14,1.2649
9,15,22.197
9,16,22.4051
9,17,17.4024
9,18,17.998
9,19,7.3388
9,20,8.624
9,22,15.1303
9,23,23.7629
9,26,28.1096
9,28,9.3794
9,30,7.4975
9,31,18.9091
9,32,27.4548
9,34,16.1369
9,35,12.6387
9,37,1.1501
9,38,6.2704
9,40,14.0921
9,41,14.616
9,42,17.6182
9,43,27.261
9,44,24.5711
9,45,26.8526
9,46,9.7484
9,48,6.2917
9,49,9.3172
9,50,7.0378
9,53,10.5475
9,54,3.2255
9,55,13.3972
9,56,4.369
9,57,26.8469
9,61,23.5635
9,62,28.9845
9,63,8.1149
9,65,6.221
9,66,19.2166
9,67,7.9503
9,68,7.1301
9,69,28.4704
9,73,7.5722
9,74,19.292
9,75,10.0791
9,76,21.3396
9,77,24.7753
9,78,25.5095
9,79,27.6433
9,80,8.8348
9,81,10.2449
9,83,27.3408
9,84,3.173
9,85,17.0278
9,89,22.0047
9,90,3.7736
9,92,15.918
9,94,15.5763
9,95,10.494
9,96,22.6467
9,97,11.8133
9,99,27.3069
9,100,10.9178
9,101,4.3965
9,102,11.7225
9,103,12.0216
9,104,6.3325
9,105,13.5833
9,106,19.77
9,107,16.3439
9,108,21.6965
9,109,22.2173
9,110,1.5717
9,111,23.6072
9,112,20.4884
9,113,11.3842
9,114,15.266
9,115,8.4675
9,120,3.5
9,122,16.2743
9,123,2.0893
9,125,13.6367
9,126,11.7999
9,127,3.8436
9,128,18.3938
9,129,7.9488
9,130,3.332
9,133,21.0279
9,134,16.8433
9,136,23.9897
9,137,15.9259
9,139,13.052
9,142,15.6588
9,143,12.6365
9,144,14.8276
9,145,23.0555
9,146,18.3864
9,147,8.3852
9,148,13.2717
9,150,18.1118
9,151,10.7693
9,152,8.3501
9,153,29.458
9,154,9.6835
9,155,5.2286
9,156,18.2848
9,157,29.5944
9,158,12.7853
9,159,25.5257
9,160,7.568
9,161,19.7975
9,162,18.7195
9,163,18.3269
9,164,7.3334
9,165,29.3009
9,167,12.5528
9,168,3.94
9,169,9.215
10,27,16.2232
10,32,29.3965
10,42,18.7964
10,49,10.8153
10,57,17.964
10,66,19.4871
10,74,4.9122
10,82,6.5233
10,95,8.5589
10,96,20.5208
10,117,15.2605
10,127,18.9682
10,129,20.7504
10,132,19.4446
10,135,27.9092
10,146,28.2352
10,153,19.2247
10,156,13.2167
10,157,6.3417
10,158,2.8217
10,160,21.058
10,164,18.6473
10,166,20.0176
10,169,11.6401
11,12,28.8747
11,13,17.9981
11,14,5.8463
11,15,18.2043
11,16,15.8459
11,17,4.3952
11,18,27.3162
11,19,16.115
11,20,7.342
11,22,27.4558
11,23,7.3832
11,24,19.1586
11,25,6.7414
11,26,25.8207
11,27,22.476
11,28,12.2864
11,31,5.6562
11,32,20.6803
11,33,16.4747
11,34,16.6891
11,36,14.2806
11,37,18.8644
11,38,16.8327
11,39,25.1256
11,41,5.1674
11,42,13.513
11,43,3.7392
11,44,13.2539
11,46,3.6171
11,47,8.8631
11,48,8.8714
11,50,27.0495
11,51,5.7612
11,52,21.2549
11,53,2.838
11,55,18.8181
11,56,29.2135
11,59,6.5451
11,61,2.1321
11,62,10.2013
11,63,17.4666
11,64,6.4698
11,65,8.0978
11,66,27.7666
11,67,7.8264
11,68,28.781
11,72,26.2133
11,73,12.1385
11,74,18.7241
11,75,6.9685
11,76,6.1868
11,78,11.5843
11,79,29.7853
11,81,14.9863
11,82,13.2877
11,84,17.3572
11,85,4.4244
11,86,6.2362
11,88,10.4308
11,89,7.3125
11,90,17.7017
11,91,21.9765
11,92,20.5869
11,95,20.0096
11,96,1.5972
11,97,11.1401
11,99,9.2935
11,100,16.1999
11,101,8.1923
11,102,8.3974
11,103,4.4739
11,106,24.1221
11,108,28.973
11,111,27.6612
11,112,6.3531
11,113,1.7384
11,114,13.5951
11,115,15.0981
11,117,23.1715
11,118,28.0861
11,122,18.1177
11,124,5.7781
11,125,23.1164
11,127,21.9845
11,128,11.3702
11,130,8.3503
11,131,11.1596
11,133,26.5975
11,134,13.9497
11,135,8.0808
11,136,24.7134
11,138,27.8889
11,139,5.566
11,140,26.2982
11,142,19.372
11,144,20.6838
11,145,9.4181
11,146,2.5381
11,147,7.0092
11,149,19.8879
11,150,21.5959
11,151,6.8938
11,152,24.3353
11,153,8.9756
11,154,26.903
11,155,16.769
11,156,7.0449
11,157,14.8865
11,158,4.3128
11,159,23.9828
11,161,3.9489
11,162,2.9139
11,164,6.5647
11,165,28.912
11,166,20.0395
11,167,17.6773
11,169,23.0375
12,24,22.0134
12,27,4.4417
12,30,6.0128
12,31,28.2495
12,37,29.3052
12,44,18.7612
12,48,12.632
12,49,24.526
12,61,12.5412
12,64,15.1624
12,65,22.9628
12,79,27.5254
12,82,23.4638
12,89,15.1486
12,90,7.8315
12,111,21.4458
12,125,5.5176
12,141,27.757
12,143,6.8726
12,147,26.4911
12,164,29.2107
12,167,14.0822
13,26,20.805
13,27,20.8707
13,35,9.8005
13,37,24.622
13,44,19.5601
13,54,5.0428
13,55,6.2119
13,61,2.4164
13,64,1.6333
13,74,8.6276
13,78,6.3875
13,84,2.6204
13,85,26.8916
13,86,16.8487
13,98,21.038
13,103,7.6297
13,124,13.5777
13,152,11.8694
13,154,2.0904
13,165,1.6321
13,167,15.9991
13,168,20.6064
14,19,25.8095
14,20,20.0574
14,23,6.843
14,24,23.1548
14,28,12.0625
14,29,22.1004
14,30,17.0963
14,31,15.7849
14,33,9.8167
14,34,29.9807
14,36,6.8452
14,40,19.5666
14,42,19.4698
14,46,13.7062
14,48,6.3368
14,55,19.8925
14,57,8.0072
14,58,23.6615
14,59,29.384
14,64,4.9845
14,66,24.6418
14,67,11.0595
14,70,2.0925
14,71,15.2986
14,73,25.0743
14,74,6.0645
14,76,23.5992
14,78,20.8517
14,82,15.8635
14,87,21.4463
14,88,11.9043
14,89,15.9811
14,92,26.1081
14,94,12.637
14,96,2.8383
14,100,7.3888
14,103,17.9436
14,104,3.7004
14,107,18.6272
14,109,17.1291
14,110,26.6816
14,111,20.3359
14,112,4.6601
14,113,7.4443
14,116,19.7997
14,117,26.2224
14,118,23.2409
14,119,3.4562
14,121,3.5735
14,125,23.0336
14,126,10.3495
14,127,26.1008
14,128,3.3629
14,130,3.1481
14,133,29.743
14,134,19.4885
14,141,13.4818
14,142,2.9413
14,144,25.4411
14,148,13.5306
14,152,13.1577
14,153,15.2741
14,154,24.337
14,158,23.5854
14,160,11.4183
14,162,10.8087
14,163,4.5683
14,164,24.2949
14,166,15.5855
14,169,21.6745
15,16,27.2136
15,22,17.7681
15,25,6.5017
15,26,11.9586
15,27,23.6002
15,35,29.4801
15,36,4.6646
15,42,6.0934
15,44,3.9054
15,47,28.4994
15,52,1.9405
15,53,27.3541
15,55,22.4438
15,56,16.1994
15,57,21.9054
15,60,16.5058
15,65,4.7973
15,68,12.5151
15,76,22.1411
15,80,27.4023
15,85,7.9156
15,86,3.1765
15,87,6.9109
15,94,22.8686
15,102,3.1783
15,103,23.2445
15,108,27.8387
15,110,3.0126
15,114,20.9324
15,115,26.5533
15,117,17.0395
15,119,23.3086
15,121,18.5054
15,124,6.4549
15,126,16.7179
15,128,5.3753
15,130,20.9558
15,131,23.0175
15,132,20.6106
15,133,13.2355
15,137,5.9373
15,138,18.8126
15,142,18.2939
15,144,22.8893
15,146,14.7217
15,152,10.0552
15,159,4.678
15,161,26.8533
15,162,3.4124
15,166,14.9517
15,168,7.8966
16,18,4.7685
16,62,26.9212
16,63,25.2004
16,91,9.7117
16,95,14.7739
16,111,18.7625
16,117,19.2063
16,134,19.6719
16,138,29.9939
16,152,2.5362
16,153,28.9628
17,18,20.7474
17,20,14.6095
17,21,7.3844
17,23,23.0651
17,27,20.7164
17,30,26.4375
17,31,3.6409
17,32,29.8028
17,35,29.3088
17,39,7.1453
17,41,28.7228
17,43,13.9951
17,45,20.549
17,46,25.1233
17,47,3.2281
17,48,21.5513
17,49,27.616
17,51,1.0501
17,53,16.9412
17,55,2.1235
17,58,27.1819
17,63,10.1963
17,69,9.9998
17,71,14.361
17,73,3.4992
17,75,7.5702
17,79,6.1999
17,80,27.0455
17,82,9.3098
17,84,25.817
17,88,1.7927
17,89,3.522
17,92,22.4126
17,93,20.4282
17,94,9.1842
17,96,14.204
17,97,22.0354
17,98,20.8179
17,99,10.2417
17,100,9.0649
17,103,16.144
17,104,21.9185
17,107,22.6695
17,111,21.2028
17,112,8.0064
17,114,17.5455
17,119,18.1629
17,121,11.513
17,122,19.1305
17,123,27.3174
17,126,28.4987
17,128,9.1597
17,129,11.6473
17,133,5.0624
17,139,13.0878
17,142,13.7001
17,143,11.1225
17,144,21.6314
17,148,8.3488
17,152,15.2002
17,154,9.9286
17,155,9.5859
17,156,13.8334
17,157,3.2666
17,161,10.2284
17,163,12.6759
17,164,6.3273
18,22,8.2841
18,30,5.1194
18,33,4.2329
18,35,29.8508
18,38,13.1189
18,40,13.8464
18,45,10.422
18,50,17.2949
18,60,26.7029
18,71,22.9504
18,72,29.1843
18,74,21.8892
18,76,8.5111
18,82,9.4977
18,83,22.842
18,86,10.0122
18,96,3.8703
18,101,17.1914
18,104,17.993
18,110,11.0108
18,111,11.0346
18,112,8.5683
18,116,14.101
18,134,26.8203
18,138,15.8836
18,141,23.9611
18,147,12.7238
18,148,23.7616
18,158,27.2588
18,160,19.1699
18,163,3.0838
18,166,22.5415
18,167,25.2829
18,168,26.9627
18,169,4.1492
19,20,24.7545
19,22,23.2196
19,23,25.1469
19,24,8.8938
19,25,16.6108
19,27,21.2505
19,28,11.7109
19,33,3.2839
19,34,3.9175
19,35,10.0114
19,36,24.4455
19,37,12.0952
19,38,18.8439
19,39,27.8052
19,41,25.9325
19,42,20.9987
19,43,21.4517
19,44,5.9316
19,45,28.1071
19,46,6.0724
19,47,22.7366
19,50,14.5594
19,51,29.1755
19,52,25.14
19,53,22.8238
19,54,4.0989
19,55,14.8779
19,57,6.3094
19,58,10.098
19,60,5.8301
19,61,11.9748
19,62,18.0972
19,63,26.3231
19,64,13.0763
19,65,3.6377
19,66,15.8439
19,68,12.2712
19,69,25.6086
19,70,15.8187
19,71,11.9108
19,72,4.1898
19,73,24.0577
19,75,6.577
19,76,23.1582
19,78,20.2074
19,79,20.2416
19,80,25.3363
19,81,4.1957
19,82,6.4074
19,84,5.8363
19,85,24.7048
19,87,20.991
19,88,27.9871
19,89,16.2509
19,90,3.3761
19,91,18.948
19,92,24.1581
19,93,1.4162
19,94,28.1933
19,95,18.0777
19,96,18.3976
19,97,5.3349
19,98,9.9741
19,100,1.5315
19,101,13.9108
19,102,6.0613
19,103,22.8219
19,104,6.1414
19,105,8.7851
19,106,27.6623
19,107,29.165
19,108,29.1609
19,109,29.7013
19,113,16.6433
19,114,21.843
19,115,16.3638
19,116,13.4159
19,117,18.2672
19,118,6.6301
19,119,20.1015
19,120,10.788
19,122,2.5495
19,123,21.0523
19,124,23.0239
19,125,25.9115
19,126,15.2256
19,127,11.6622
19,128,11.1242
19,129,20.7718
19,132,22.5681
19,133,24.996
19,135,17.7381
19,140,29.0146
19,141,13.2876
19,142,25.6841
19,144,9.1896
19,145,23.5885
19,146,20.8786
19,147,11.0545
19,149,17.238
19,150,10.5091
19,151,28.7649
19,152,9.5389
19,156,16.333
19,157,22.4709
19,158,15.0024
19,159,18.535
19,160,9.2866
19,161,6.7579
19,162,21.2961
19,163,13.3662
19,164,22.3516
19,165,5.2242
19,166,17.4472
19,167,19.5207
19,168,9.251
19,169,13.2423
20,21,17.5816
20,23,22.3113
20,25,22.5631
20,26,27.7763
20,28,19.2675
20,29,12.0704
20,30,15.54
20,31,10.4956
20,32,9.7882
20,34,5.5846
20,38,25.6298
20,42,18.823
20,43,12.1466
20,45,17.3186
20,46,9.2552
20,47,22.0321
20,50,25.724
20,51,1.6444
20,53,6.6502
20,54,21.072
20,55,12.2758
20,58,20.169
20,59,18.0077
20,61,12.2107
20,64,18.4094
20,67,5.0521
20,68,5.5516
20,69,3.1208
20,70,3.3326
20,73,23.2878
20,74,15.1211
20,75,8.7546
20,77,26.9615
20,78,12.6892
20,79,15.1464
20,80,10.8553
20,81,13.3119
20,82,9.854
20,85,7.1772
20,86,4.1132
20,88,26.0248
20,89,18.7782
20,90,13.4174
20,91,21.2536
20,93,3.6991
20,94,10.3967
20,95,24.5621
20,96,21.9191
20,97,17.4092
20,105,10.8882
20,107,2.8911
20,108,28.8227
20,109,27.1995
20,111,8.9836
20,113,18.5769
20,114,2.5356
20,115,10.1406
20,117,5.6747
20,118,27.0346
20,119,29.1803
20,121,24.6657
20,122,16.815
20,123,25.7045
20,125,13.9823
20,126,7.6981
20,129,9.6472
20,131,26.0333
20,132,26.397
20,133,10.2552
20,135,13.3501
20,136,21.1368
20,138,7.6682
20,141,20.2143
20,142,23.8879
20,143,25.6745
20,144,28.9729
20,146,15.2231
20,147,14.0601
20,148,24.5562
20,149,28.2362
20,150,13.1791
20,152,18.262
20,153,8.2232
20,155,18.4197
20,156,12.4345
20,157,22.5601
20,158,17.9998
20,159,2.453
20,161,7.1999
20,162,24.4619
20,163,11.8089
20,166,15.1515
20,167,29.8206
20,169,13.0043
21,23,29.0842
21,24,27.5019
21,25,19.4276
21,29,4.9307
21,37,2.7041
21,39,8.1996
21,40,26.0806
21,41,9.0414
21,42,12.0009
21,44,12.8912
21,45,28.428
21,46,8.1563
21,49,6.4502
21,50,23.1274
21,58,20.5454
21,59,25.9178
21,60,5.8292
21,62,7.6428
21,67,10.7322
21,68,9.6269
21,70,18.7056
21,71,24.8645
21,75,27.7836
21,82,21.3562
21,84,12.4965
21,87,21.6458
21,88,21.0481
21,89,26.3865
21,95,20.3846
21,96,28.7453
21,99,3.4335
21,100,26.1374
21,101,7.4618
21,104,20.6895
21,105,25.214
21,106,13.7856
21,107,4.3665
21,108,29.0294
21,109,11.7672
21,111,20.1613
21,112,17.1434
21,113,20.5347
21,115,2.1715
21,117,15.6768
21,119,17.0741
21,120,15.6512
21,123,23.9519
21,126,26.2554
21,133,5.193
21,136,21.6691
21,137,1.3756
21,138,12.7556
21,139,22.4858
21,142,5.2451
21,146,10.121
21,149,14.2138
21,152,7.9535
21,153,22.8619
21,155,4.0714
21,158,12.8171
21,159,27.3799
21,160,23.9685
21,161,3.2763
21,163,4.8666
21,164,2.3762
21,166,7.9345
21,169,6.7836
22,28,6.4693
22,32,1.4727
22,39,16.7434
22,40,17.301
22,42,11.1532
22,43,14.8773
22,44,7.9566
22,48,25.0254
22,49,8.9386
22,51,21.6304
22,53,27.9028
22,56,19.3318
22,58,23.5088
22,59,20.0087
22,64,28.8975
22,66,15.2835
22,68,5.6765
22,75,6.3601
22,76,19.7715
22,83,21.9703
22,84,18.8439
22,87,1.9841
22,88,27.6024
22,89,5.4444
22,93,7.8869
22,94,1.8375
22,96,12.3307
22,97,1.7341
22,102,27.2834
22,104,23.2429
22,105,16.8507
22,111,23.0826
22,112,4.4495
22,113,1.7682
22,118,18.9134
22,119,22.6599
22,127,12.6938
22,129,24.3686
22,131,4.4263
22,141,14.4799
22,143,21.5721
22,144,9.969
22,147,7.0978
22,149,15.3537
22,152,22.2369
22,153,29.9792
22,154,10.27
22,156,14.2391
22,159,25.356
22,160,28.5361
22,162,19.991
22,166,20.5326
22,169,11.4106
23,24,27.2613
23,25,11.4646
23,26,22.0615
23,27,2.0516
23,28,26.6114
23,29,23.1708
23,30,11.3596
23,31,18.871
23,32,12.4389
23,33,1.1989
23,34,4.7575
23,35,9.8741
23,37,15.1522
23,38,12.07
23,39,3.84
23,40,27.8966
23,41,3.4304
23,42,9.1961
23,43,1.4135
23,44,5.431
23,45,21.9989
23,46,28.3067
23,48,4.7199
23,51,13.2016
23,52,16.6645
23,53,27.1904
23,54,21.7493
23,56,10.0599
23,57,25.2365
23,59,3.3425
23,60,29.1333
23,62,27.2037
23,63,11.4625
23,64,4.0091
23,65,15.2007
23,66,25.4415
23,67,9.0089
23,68,19.1968
23,69,26.2202
23,72,7.6958
23,74,19.036
23,75,15.3792
23,76,17.9857
23,77,6.7469
23,78,21.7557
23,80,3.5905
23,81,17.5502
23,82,29.6076
23,83,16.3542
23,84,5.5404
23,85,7.6914
23,86,1.2811
23,88,29.1031
23,89,2.4134
23,90,17.7652
23,91,10.2919
23,92,9.812
23,93,4.7477
23,94,4.3415
23,95,3.767
23,98,1.2375
23,100,25.5203
23,101,13.1568
23,102,4.9519
23,105,2.4031
23,106,18.3482
23,107,6.7866
23,108,20.1337
23,109,24.1704
23,110,28.0451
23,112,28.9419
23,113,12.4075
23,114,1.7115
23,115,21.8802
23,116,5.0092
23,117,16.1509
23,118,17.5056
23,119,21.1595
23,120,2.1791
23,122,7.6101
23,123,8.6665
23,124,22.2374
23,125,5.7632
23,126,22.8639
23,127,6.3656
23,128,1.6739
23,129,13.2348
23,130,9.1989
23,131,4.4616
23,132,10.7809
23,133,8.5181
23,134,6.6238
23,135,28.0153
23,136,28.4422
23,137,2.0513
23,138,17.5392
23,140,15.2146
23,141,1.2219
23,142,7.8237
23,143,25.1442
23,144,7.6306
23,145,2.1492
23,146,19.3622
23,147,26.4811
23,148,21.2506
23,149,14.6728
23,150,4.1826
23,151,29.8401
23,153,12.3549
23,154,23.6828
23,156,16.8083
23,157,10.9277
23,158,6.6176
23,159,16.8527
23,160,24.1577
23,161,16.4655
23,162,5.712
23,163,7.6673
23,164,10.0775
23,165,29.0884
23,166,15.7623
23,167,18.9684
23,168,16.2398
23,169,3.6444
24,25,17.7036
24,26,28.0283
24,27,27.9783
24,29,3.1364
24,30,28.1488
24,31,10.455
24,32,19.1228
24,33,13.6905
24,34,21.0601
24,35,20.1879
24,38,24.3237
24,39,19.2494
24,40,4.4992
24,43,5.4427
24,44,14.7168
24,45,5.1278
24,47,8.7676
24,48,15.6741
24,49,25.3627
24,50,18.9479
24,52,15.2767
24,53,14.2605
24,54,9.0322
24,57,15.7175
24,58,19.9859
24,59,24.9533
24,61,11.3587
24,62,21.7237
24,63,12.5479
24,64,14.9254
24,66,24.5195
24,67,21.5365
24,68,7.4198
24,69,14.283
24,70,15.0467
24,72,27.307
24,73,1.3337
24,75,17.508
24,76,19.3592
24,77,10.3255
24,78,7.6413
24,79,6.7935
24,80,25.7531
24,81,8.479
24,83,15.7533
24,85,26.9661
24,86,11.0167
24,90,22.0566
24,92,11.7327
24,94,27.9366
24,95,11.6939
24,96,20.1866
24,97,24.9323
24,98,18.5122
24,99,27.5033
24,100,29.0502
24,102,19.0096
24,104,19.678
24,105,4.6669
24,106,4.4057
24,107,4.8703
24,108,28.7698
24,109,15.7216
24,111,10.1551
24,112,8.3582
24,115,22.4951
24,116,27.8848
24,118,9.2352
24,119,20.6069
24,120,25.9621
24,121,18.378
24,122,16.7521
24,123,18.9654
24,126,23.6422
24,127,2.0462
24,129,17.3826
24,130,2.0319
24,132,12.8172
24,133,28.0823
24,134,28.4429
24,135,14.4228
24,137,3.5845
24,139,11.2327
24,141,7.6396
24,142,22.8293
24,143,29.5481
24,144,28.5599
24,145,21.1353
24,147,24.7026
24,150,6.1836
24,151,25.4125
24,152,26.969
24,153,24.6857
24,154,5.5106
24,155,16.8052
24,156,10.5821
24,157,1.0178
24,160,9.0848
24,161,26.454
24,162,26.4662
24,163,27.7727
24,164,14.9919
24,166,3.6317
24,167,19.707
24,168,29.506
25,26,28.7265
25,28,17.8636
25,29,18.4237
25,30,23.5803
25,34,12.5116
25,38,26.3095
25,39,12.1115
25,41,27.1426
25,44,9.7991
25,45,25.81
25,46,11.6565
25,47,18.0058
25,48,26.8808
25,49,19.1724
25,50,1.7458
25,51,16.1935
25,52,11.101
25,53,19.9264
25,54,12.8116
25,58,6.2158
25,60,20.1219
25,62,22.7132
25,64,21.4098
25,66,11.6622
25,67,28.4573
25,68,21.7261
25,69,29.0004
25,72,22.4142
25,74,12.5721
25,75,27.4339
25,76,28.9849
25,78,7.8152
25,79,14.1388
25,80,23.4103
25,81,10.5111
25,83,16.2441
25,85,19.7106
25,86,23.1797
25,87,5.0056
25,88,1.0856
25,89,21.6341
25,90,24.5318
25,91,14.5362
25,92,5.682
25,93,1.5698
25,95,18.8156
25,96,19.7993
25,97,6.4487
25,98,1.1113
25,99,23.7615
25,102,10.1093
25,103,27.4193
25,106,27.9513
25,108,21.1246
25,111,5.5534
25,113,1.2993
25,114,20.8297
25,116,11.1813
25,117,22.3572
25,120,11.7091
25,122,27.5307
25,123,26.9678
25,124,28.602
25,126,29.7486
25,128,17.4934
25,129,22.5193
25,130,13.4809
25,131,6.3593
25,133,23.1404
25,135,12.8984
25,137,15.5878
25,138,8.4537
25,139,29.2707
25,141,8.6202
25,142,9.542
25,143,6.7764
25,145,20.4539
25,146,9.4936
25,147,21.2768
25,148,13.827
25,149,19.7406
25,151,12.9112
25,152,26.1001
25,153,23.5076
25,154,2.2406
25,157,8.1538
25,159,14.715
25,160,28.6413
25,163,13.6882
25,164,28.0742
25,165,9.9203
25,166,7.5742
25,167,9.0643
25,168,29.3401
25,169,11.9437
26,27,24.0199
26,28,18.6617
26,29,23.5457
26,30,10.8916
26,32,19.9063
26,38,22.3991
26,39,20.0702
26,40,7.8128
26,41,3.056
26,43,27.5863
26,44,3.1687
26,45,16.8795
26,47,11.9581
26,49,2.1404
26,50,16.2201
26,51,9.3787
26,53,27.6797
26,54,18.7705
26,57,5.5818
26,58,7.0617
26,60,23.9352
26,62,25.6939
26,63,16.2738
26,64,21.9163
26,65,16.2505
26,66,3.2933
26,67,1.4615
26,68,25.0942
26,69,29.6612
26,70,10.5769
26,72,23.5082
26,73,27.2663
26,74,20.3179
26,75,26.0141
26,76,20.2236
26,78,23.1104
26,79,19.4942
26,81,27.7641
26,83,13.2436
26,84,14.6315
26,86,7.6062
26,89,10.1651
26,90,25.9577
26,94,9.059
26,95,23.3139
26,96,2.7714
26,97,9.908
26,98,5.3746
26,101,16.1202
26,106,16.5851
26,107,4.3854
26,108,3.0509
26,109,6.7928
26,110,25.3032
26,111,3.129
26,113,23.7429
26,114,29.6535
26,115,21.9866
26,117,21.3836
26,120,4.7789
26,121,2.6714
26,122,25.9085
26,123,7.9244
26,124,16.1832
26,125,16.5215
26,126,9.9107
26,127,3.4798
26,128,5.464
26,129,8.7322
26,130,3.9578
26,131,16.668
26,132,8.7626
26,133,22.5211
26,134,20.1855
26,135,14.6136
26,136,26.9065
26,137,1.0282
26,138,10.4082
26,141,7.3084
26,142,21.5989
26,143,4.8635
26,144,17.978
26,147,25.7045
26,149,29.7343
26,150,14.8851
26,155,7.7173
26,156,13.6513
26,157,19.7778
26,164,11.359
26,165,25.7782
26,166,29.764
26,169,19.7643
27,28,20.5
27,29,9.2025
27,31,8.8292
27,32,17.8618
27,33,10.7284
27,36,16.7333
27,37,2.8353
27,39,13.2819
27,41,19.4396
27,43,17.0803
27,44,12.205
27,45,14.7038
27,47,10.5421
27,48,16.3019
27,49,25.2312
27,50,19.0385
27,53,7.3598
27,54,27.3315
27,59,28.9817
27,60,24.5826
27,62,17.3997
27,64,18.0643
27,65,4.6117
27,67,6.0152
27,69,10.2881
27,70,4.7219
27,71,27.4878
27,72,19.013
27,73,5.0186
27,74,21.7912
27,75,13.6899
27,79,17.0446
27,80,20.2766
27,81,19.5365
27,83,13.2674
27,87,19.5863
27,88,4.2833
27,92,8.4525
27,93,29.5252
27,95,7.9123
27,96,6.7211
27,97,3.1422
27,101,10.0972
27,104,20.545
27,105,19.4375
27,107,12.8263
27,108,4.0645
27,111,15.6341
27,112,6.1839
27,116,4.7958
27,118,29.8183
27,119,24.6152
27,120,4.4127
27,121,28.5226
27,122,2.4225
27,123,10.5433
27,124,20.0002
27,125,1.0168
27,126,17.8408
27,127,9.8646
27,131,7.9922
27,134,14.2632
27,135,5.9846
27,136,13.4707
27,137,20.4361
27,138,19.1899
27,139,24.7151
27,141,14.9468
27,143,7.8784
27,144,24.3188
27,145,24.7432
27,146,3.867
27,147,27.475
27,148,22.8091
27,150,4.6138
27,151,5.2651
27,152,15.6924
27,154,5.6152
27,155,25.7301
27,156,13.686
27,157,3.1726
27,158,26.8126
27,160,15.6717
27,161,13.4004
27,162,29.6957
27,164,20.1139
27,166,21.4237
27,167,26.4986
27,169,18.3805
28,29,6.3348
28,30,14.3135
28,31,11.0311
28,32,3.1334
28,33,2.6292
28,35,5.2435
28,37,22.6874
28,39,25.4797
28,40,4.1963
28,43,21.7027
28,44,24.0648
28,46,21.0588
28,47,28.3161
28,48,29.7263
28,49,10.778
28,50,21.9271
28,51,8.839
28,52,21.1952
28,53,21.9318
28,55,27.2568
28,56,29.8371
28,57,4.8439
28,59,25.7129
28,60,29.3687
28,62,23.9054
28,64,27.8006
28,65,4.1309
28,67,23.5219
28,68,20.0568
28,69,19.399
28,70,27.0833
28,71,12.3014
28,72,4.3691
28,73,6.1925
28,76,4.1603
28,77,20.9388
28,78,7.4485
28,79,4.6028
28,80,28.3939
28,82,14.3476
28,83,1.3012
28,84,3.8205
28,85,26.642
28,87,29.1299
28,88,10.3651
28,89,20.0948
28,90,15.5955
28,91,11.6231
28,92,24.0363
28,93,28.7604
28,94,1.7683
28,95,20.6705
28,97,27.5141
28,99,26.679
28,100,21.7116
28,101,2.9466
28,103,18.6298
28,104,14.3265
28,105,21.954
28,106,21.8384
28,107,18.3432
28,108,15.7233
28,109,2.9666
28,110,27.9501
28,111,4.4198
28,112,13.0256
28,113,16.5616
28,117,10.0866
28,118,21.6675
28,119,17.3463
28,120,23.3374
28,122,25.1201
28,123,3.3489
28,124,28.898
28,125,19.1402
28,127,21.4317
28,128,20.2401
28,129,25.5923
28,130,9.9214
28,131,24.4328
28,133,5.3542
28,134,14.876
28,135,16.5004
28,136,27.3218
28,137,5.6871
28,138,22.6812
28,139,13.3734
28,140,23.4669
28,141,18.8912
28,143,23.7526
28,145,17.2164
28,146,26.1282
28,148,22.9164
28,149,23.6069
28,150,17.3301
28,151,28.7782
28,152,27.2529
28,154,6.62
28,155,27.3878
28,156,23.2123
28,157,5.4173
28,158,27.9036
28,160,25.2048
28,161,4.5216
28,162,22.0455
28,163,4.4306
28,166,9.3673
28,167,12.0589
28,168,15.5377
28,169,12.3362
29,35,25.3773
29,36,13.3134
29,91,20.1031
29,93,13.4232
29,107,11.1799
29,129,6.0642
29,136,26.4791
29,138,7.4975
29,140,21.3628
29,149,17.5245
29,152,20.3756
29,156,12.7076
29,160,13.1888
29,163,17.8853
30,32,19.5278
30,43,24.5275
30,44,21.6635
30,51,10.4698
30,54,11.0496
30,70,1.3342
30,74,13.6216
30,75,7.7417
30,76,14.1034
30,82,10.4088
30,84,23.2813
30,90,5.5441
30,97,3.9784
30,111,7.8613
30,121,18.1771
30,122,14.0428
30,126,8.3459
30,146,21.9561
30,149,2.4247
30,151,22.3272
30,153,24.6403
30,154,23.9386
30,156,28.412
30,166,8.4611
31,35,16.7477
31,46,15.8459
31,52,10.7783
31,57,6.5255
31,61,7.2685
31,63,22.0856
31,69,24.5212
31,76,2.2273
31,83,20.3159
31,89,9.6524
31,97,6.8718
31,100,21.0011
31,107,9.2773
31,109,7.3141
31,110,27.9129
31,111,2.7059
31,113,29.8091
31,114,19.1456
31,115,25.8752
31,116,12.1614
31,119,10.4512
31,121,4.6961
31,127,15.4128
31,133,5.5
31,134,23.2145
31,136,11.0429
31,141,1.6615
31,144,5.0342
31,147,20.3655
31,149,15.8157
31,152,18.6362
31,153,22.9581
31,156,22.2339
31,157,17.0331
31,165,2.9357
32,34,17.391
32,36,10.517
32,37,10.2779
32,38,23.9097
32,39,27.6127
32,40,28.5937
32,41,1.2661
32,46,22.3677
32,47,7.191
32,48,8.9251
32,49,16.1256
32,50,18.353
32,51,1.0807
32,52,7.5975
32,53,9.007
32,54,1.5464
32,56,13.2934
32,57,3.1163
32,58,12.5881
32,59,1.034
32,60,4.9888
32,61,11.0768
32,62,25.0393
32,63,18.2771
32,64,12.8841
32,65,17.3613
32,66,10.1208
32,68,21.3918
32,69,24.0338
32,70,10.197
32,71,19.1615
32,72,6.0004
32,74,29.8541
32,75,29.7992
32,76,25.5096
32,78,20.7279
32,80,29.1226
32,81,26.1688
32,82,16.6752
32,85,9.6063
32,87,22.0899
32,89,13.2433
32,91,24.8647
32,92,16.8043
32,93,12.4112
32,94,9.397
32,95,25.1887
32,96,8.6887
32,97,19.6442
32,99,4.6107
32,101,25.1082
32,102,22.4185
32,103,1.3198
32,104,18.4997
32,105,19.5455
32,106,16.4595
32,107,12.6586
32,108,26.4087
32,110,25.474
32,112,15.0782
32,115,16.3754
32,116,19.263
32,119,24.7811
32,122,25.8214
32,123,23.0936
32,124,11.414
32,126,24.2405
32,127,1.5103
32,128,15.1329
32,129,12.3701
32,130,4.791
32,131,2.8072
32,133,18.7378
32,136,13.6568
32,141,5.8243
32,142,2.1458
32,144,23.0354
32,145,21.9351
32,146,7.0586
32,147,1.5564
32,148,29.9781
32,149,14.0792
32,150,6.7437
32,151,26.2844
32,152,21.679
32,153,16.3416
32,155,4.3755
32,156,3.5473
32,157,29.6797
32,158,7.1728
32,159,9.7572
32,160,13.6956
32,161,1.0988
32,163,7.1
32,164,15.4704
32,165,29.4231
32,167,6.5996
32,168,8.8747
32,169,27.4914
33,38,24.245
33,44,28.4462
33,52,12.689
33,55,24.9528
33,57,5.6218
33,59,7.5961
33,62,13.8614
33,78,19.4855
33,81,15.1816
33,92,8.4253
33,96,27.7162
33,103,22.6418
33,104,22.0025
33,110,6.2047
33,111,20.8417
33,133,24.8613
33,155,25.051
33,161,19.1424
33,169,15.254
34,35,25.2647
34,36,22.3624
34,37,5.4611
34,48,29.144
34,49,5.198
34,50,7.8833
34,51,20.7031
34,62,25.2075
34,67,8.3585
34,71,10.2439
34,73,23.254
34,75,3.0115
34,76,8.1749
34,79,29.0036
34,80,24.1523
34,81,8.4851
34,84,24.0101
34,88,17.5132
34,89,3.2584
34,90,21.9057
34,92,18.4917
34,94,13.68
34,103,22.4379
34,104,2.5134
34,106,18.0627
34,107,9.4426
34,108,12.4074
34,111,9.3198
34,112,16.345
34,113,22.711
34,115,21.8803
34,117,12.7512
34,118,19.4492
34,119,9.365
34,120,24.1792
34,121,8.7039
34,123,11.0388
34,129,25.288
34,130,23.5148
34,132,14.2741
34,135,10.9843
34,138,13.5647
34,142,2.4799
34,143,8.0976
34,146,3.5012
34,147,7.7347
34,148,8.2075
34,154,4.9158
34,155,11.2699
34,157,15.0159
34,159,4.4339
34,164,12.6694
34,167,10.8236
34,169,8.6736
35,124,5.4995
36,38,7.0876
36,39,28.45
36,40,13.8185
36,41,27.6038
36,42,18.7353
36,43,12.6969
36,44,20.7683
36,45,14.6563
36,46,5.0833
36,47,1.4959
36,49,15.3244
36,50,6.0173
36,51,5.5556
36,52,20.6758
36,53,16.7677
36,54,24.1002
36,55,21.2145
36,56,8.8784
36,57,14.5789
36,58,24.7584
36,59,26.7221
36,60,29.9886
36,61,8.0288
36,62,16.329
36,63,16.8516
36,65,21.1505
36,66,17.6859
36,67,7.1909
36,68,11.1314
36,69,4.7827
36,70,5.0206
36,71,28.8293
36,72,27.3587
36,74,20.5149
36,75,5.7744
36,76,19.2142
36,77,17.7909
36,78,17.353
36,79,21.8662
36,80,3.1004
36,81,16.2809
36,82,19.6751
36,83,27.132
36,84,17.4274
36,85,28.6995
36,86,29.5283
36,87,11.5023
36,88,8.4108
36,89,13.0992
36,90,19.0397
36,91,19.7717
36,92,27.0422
36,93,28.0476
36,94,13.3696
36,95,17.7389
36,97,1.5535
36,98,5.8136
36,99,6.4571
36,100,2.5755
36,101,5.176
36,102,28.8819
36,103,16.7601
36,105,5.0788
36,106,17.4717
36,107,26.0765
36,108,2.8708
36,109,21.1203
36,110,11.4175
36,111,20.7187
36,112,27.6709
36,114,8.2244
36,115,23.2912
36,116,1.2243
36,117,7.802
36,119,18.5253
36,122,23.5618
36,123,13.5776
36,124,28.837
36,125,9.3372
36,126,28.4262
36,127,13.8609
36,128,8.2534
36,129,17.1829
36,130,9.5393
36,131,8.6318
36,132,3.4098
36,133,2.7077
36,134,13.5595
36,135,22.064
36,136,21.1402
36,137,5.2652
36,138,13.6105
36,139,23.1348
36,142,10.1243
36,143,14.4788
36,144,14.3878
36,145,16.6652
36,146,21.5358
36,147,8.8239
36,148,2.2902
36,150,1.9586
36,152,21.0773
36,154,2.8497
36,155,1.3083
36,156,15.4946
36,157,23.7286
36,158,28.4831
36,159,6.8117
36,160,8.4469
36,161,12.4732
36,162,6.7569
36,163,7.3519
36,165,9.1913
36,166,1.3666
36,167,1.8479
36,168,11.5173
36,169,6.0758
37,39,15.5428
37,42,8.1818
37,43,18.5722
37,44,28.7891
37,45,10.6289
37,46,11.2227
37,47,13.1925
37,48,20.6542
37,49,10.4523
37,50,26.8686
37,51,13.8814
37,52,18.143
37,54,19.5584
37,55,10.6322
37,57,5.0121
37,58,6.0684
37,59,21.9739
37,60,15.0655
37,64,6.2589
37,65,4.1304
37,66,18.0963
37,67,15.4684
37,69,9.6534
37,70,12.6904
37,73,12.9339
37,74,21.0012
37,75,28.3187
37,77,6.2957
37,78,26.2081
37,79,2.4512
37,80,17.1389
37,81,12.0214
37,87,5.1251
37,88,18.5613
37,89,8.5605
37,90,29.6759
37,91,11.8709
37,93,2.907
37,95,27.8177
37,97,21.0593
37,101,26.6468
37,102,20.3133
37,105,24.628
37,106,15.8949
37,107,19.0084
37,108,17.1066
37,110,8.1887
37,111,6.2628
37,112,24.9054
37,113,15.9447
37,114,27.4503
37,115,3.3915
37,116,13.5579
37,117,14.1885
37,118,22.3046
37,120,15.57
37,122,17.8689
37,132,13.6402
37,133,19.3015
37,134,27.7472
37,136,24.3022
37,138,25.8913
37,139,3.6465
37,140,9.2495
37,142,28.6137
37,144,24.2096
37,145,11.3784
37,148,24.4102
37,151,18.6824
37,152,18.4592
37,155,7.849
37,156,8.7196
37,157,5.0215
37,158,20.7575
37,160,14.8184
37,162,25.666
37,163,26.2635
37,164,21.5825
37,165,22.0083
37,167,28.2335
37,168,10.7506
38,39,24.7381
38,40,10.0864
38,41,7.67
38,43,21.0277
38,44,8.5449
38,45,5.2854
38,46,1.2879
38,48,15.6084
38,50,27.5544
38,52,25.2985
38,53,14.7549
38,54,15.2932
38,58,2.8038
38,61,7.8596
38,62,10.6273
38,63,23.8833
38,64,1.1291
38,65,13.1065
38,69,16.154
38,70,7.9774
38,71,18.5398
38,72,29.0589
38,73,5.2989
38,74,15.4307
38,76,18.3201
38,77,19.0478
38,78,22.4069
38,79,20.9954
38,82,15.2978
38,83,4.5203
38,85,22.1049
38,86,17.3028
38,87,10.5251
38,90,28.5172
38,91,26.8485
38,92,7.0117
38,93,13.6691
38,94,15.4827
38,95,1.8558
38,96,28.4291
38,97,24.9599
38,98,18.3119
38,99,15.8931
38,100,25.9489
38,101,1.1848
38,103,2.9205
38,104,26.8787
38,105,10.5103
38,107,16.447
38,108,15.9775
38,111,11.2527
38,112,14.2867
38,113,27.7241
38,114,18.4481
38,116,5.37
38,118,11.3244
38,121,29.9185
38,122,6.5667
38,123,27.9315
38,124,29.7909
38,126,18.2395
38,127,10.0595
38,129,27.792
38,130,16.6259
38,132,21.1058
38,133,18.8988
38,135,3.9438
38,137,11.339
38,138,16.8091
38,139,3.4007
38,140,6.3493
38,141,2.2617
38,148,5.6626
38,150,14.7819
38,151,3.9259
38,158,1.166
38,160,11.4614
38,161,28.3327
38,162,2.7446
38,163,1.4625
38,166,11.9441
38,167,29.8116
38,168,26.1027
39,41,16.3377
39,42,11.2649
39,46,4.9357
39,51,25.4055
39,60,16.1287
39,61,10.4246
39,66,11.3576
39,68,27.0641
39,76,16.3402
39,77,14.0705
39,81,6.4741
39,84,27.5051
39,88,19.4831
39,90,18.6689
39,91,23.4976
39,92,8.9972
39,95,22.9565
39,96,21.6812
39,97,2.3474
39,98,19.9578
39,100,2.0115
39,102,19.38
39,106,4.3953
39,109,12.9542
39,113,15.3375
39,115,10.0808
39,117,24.1051
39,118,8.0452
39,121,23.3933
39,127,27.1327
39,128,9.0433
39,131,16.7308
39,132,2.5455
39,134,23.8307
39,135,15.5574
39,139,18.3751
39,141,28.6714
39,144,24.7055
39,145,19.5881
39,146,3.1211
39,148,20.3136
39,149,2.1617
39,152,7.9793
39,154,10.6256
39,157,23.5593
39,158,25.411
39,160,24.9974
39,161,2.6604
39,165,3.8186
39,168,16.9867
39,169,25.285
40,48,7.1179
40,64,26.4537
40,95,14.0375
40,104,21.3441
40,120,27.989
40,124,18.8399
40,142,29.77
40,147,24.6641
40,150,1.6758
40,151,27.3607
40,158,24.5026
41,43,20.6211
41,44,10.1742
41,45,8.1656
41,47,17.1379
41,48,12.6205
41,49,12.0992
41,54,15.2759
41,56,10.606
41,57,3.3027
41,59,27.8555
41,61,13.3653
41,62,25.4504
41,63,11.3138
41,65,20.4004
41,67,20.3976
41,68,15.7966
41,69,11.0609
41,70,9.159
41,73,16.2775
41,74,2.1258
41,75,15.2266
41,79,2.7378
41,81,3.9415
41,82,26.5501
41,84,2.5233
41,85,10.5265
41,88,19.2629
41,91,9.2401
41,92,16.4422
41,93,8.9217
41,94,17.2537
41,95,16.9854
41,96,10.8751
41,98,3.5622
41,100,7.7828
41,101,8.07
41,102,22.7337
41,103,19.3316
41,104,3.4571
41,105,29.6608
41,106,18.6684
41,109,24.0207
41,111,18.3527
41,112,2.1815
41,113,16.9938
41,114,22.5896
41,117,23.5439
41,122,5.8205
41,124,27.0775
41,125,1.1095
41,127,28.7156
41,128,16.9002
41,129,29.3018
41,130,24.737
41,131,20.5064
41,133,9.6113
41,134,14.3702
41,135,4.5326
41,138,17.2844
41,140,7.8127
41,141,10.0501
41,142,18.4035
41,143,27.0411
41,144,23.5149
41,145,16.4651
41,147,16.7833
41,149,3.7262
41,150,18.7077
41,151,3.2596
41,152,26.8079
41,153,8.9923
41,154,27.2751
41,155,16.8424
41,158,9.8777
41,160,11.3083
41,162,20.0442
41,168,5.5459
42,47,1.8514
42,49,19.0213
42,51,16.2549
42,52,19.3431
42,53,13.0224
42,55,19.8062
42,58,6.1343
42,60,22.308
42,67,3.1097
42,74,8.4759
42,78,21.3508
42,83,2.7558
42,87,27.2483
42,89,11.2699
42,91,20.2678
42,95,20.6569
42,104,23.059
42,111,14.1372
42,119,3.2246
42,123,29.9614
42,124,15.5199
42,133,10.6544
42,134,13.7956
42,141,17.2503
42,145,20.5464
42,154,12.296
42,155,6.6854
42,157,28.8939
42,166,21.8042
43,46,2.7299
43,47,10.9897
43,48,25.6358
43,55,8.8135
43,66,26.3328
43,67,21.9438
43,73,15.1164
43,83,6.9914
43,84,26.3622
43,86,7.8183
43,87,11.1663
43,88,21.8891
43,91,14.3815
43,94,27.6388
43,100,14.1021
43,101,1.5542
43,114,7.1338
43,116,5.7864
43,123,28.528
43,126,14.7031
43,130,28.0543
43,133,21.7641
43,135,29.272
43,137,15.226
43,144,10.4791
43,145,7.689
43,155,18.6381
43,160,26.2415
43,163,2.9743
43,164,5.5808
43,166,21.5712
45,46,6.0357
45,47,20.8223
45,48,18.9622
45,49,10.5807
45,50,16.764
45,52,21.1558
45,54,28.8878
45,55,24.4928
45,56,6.7399
45,57,4.4514
45,58,7.0171
45,59,7.3098
45,60,9.3206
45,61,21.5339
45,62,1.0671
45,63,9.4853
45,64,2.9012
45,65,4.7881
45,66,19.4146
45,67,19.0203
45,69,20.9538
45,70,6.984
45,71,3.0878
45,72,18.5465
45,73,19.2142
45,74,25.5554
45,75,22.655
45,76,9.4623
45,77,24.811
45,78,15.5302
45,80,21.1364
45,81,28.6822
45,82,13.9814
45,84,19.5176
45,85,5.2483
45,86,14.4297
45,87,18.4315
45,88,27.9525
45,89,20.3521
45,90,18.664
45,91,26.1893
45,92,8.9188
45,93,12.5687
45,94,27.3448
45,95,20.566
45,96,23.5289
45,97,29.4008
45,99,19.9569
45,100,10.7666
45,101,14.2936
45,102,15.8631
45,103,27.0766
45,104,26.5395
45,105,28.7814
45,106,4.8567
45,107,13.7772
45,108,4.2001
45,110,16.916
45,113,7.9535
45,114,28.2584
45,115,1.0035
45,116,4.4031
45,117,20.9449
45,118,9.1304
45,119,28.1398
45,121,4.0898
45,122,10.6741
45,123,16.1964
45,124,7.7714
45,126,12.2815
45,127,19.9981
45,128,28.419
45,129,23.1305
45,130,4.838
45,131,7.0948
45,132,11.6899
45,133,1.0794
45,134,13.9261
45,135,23.5482
45,136,26.2384
45,137,14.7431
45,138,12.3851
45,139,6.8097
45,140,6.6904
45,141,23.4975
45,142,11.8518
45,144,25.3546
45,145,11.5173
45,146,6.4379
45,148,14.3853
45,149,2.592
45,150,7.7711
45,151,16.0726
45,152,11.1475
45,153,25.9532
45,154,9.5609
45,155,16.5433
45,156,8.112
45,157,1.1146
45,159,20.6752
45,160,16.0834
45,161,11.5548
45,162,22.422
45,163,17.8878
45,164,28.5741
45,165,11.9421
45,168,17.2233
45,169,24.3582
46,47,8.3703
46,48,24.8581
46,53,22.9615
46,54,5.2241
46,56,8.7441
46,61,8.5034
46,63,17.3242
46,65,12.3856
46,70,1.5454
46,72,13.8189
46,76,16.6769
46,78,14.0922
46,79,5.7723
46,80,26.596
46,81,4.394
46,84,16.8121
46,85,9.6928
46,87,26.8565
46,88,28.1803
46,91,21.0343
46,92,24.982
46,97,2.0538
46,98,10.6178
46,100,25.2727
46,101,17.3431
46,102,28.4244
46,103,6.5058
46,104,4.8551
46,106,27.383
46,107,11.8122
46,109,12.4075
46,110,2.0549
46,111,6.4083
46,113,7.5341
46,115,22.6715
46,118,15.2218
46,120,10.0173
46,122,23.1506
46,129,3.6675
46,134,15.3105
46,136,29.1726
46,138,12.3905
46,140,19.803
46,143,19.6127
46,150,20.3412
46,156,12.8849
46,162,26.6546
46,164,12.5954
46,166,5.0376
46,167,18.4172
46,168,10.6905
47,48,6.2929
47,50,11.1177
47,51,23.9871
47,55,9.2524
47,56,25.1297
47,58,13.7514
47,60,9.2547
47,62,5.8696
47,63,2.7332
47,64,3.6523
47,65,19.0278
47,66,27.4529
47,68,4.804
47,70,13.3107
47,71,19.7826
47,72,11.7002
47,73,23.1089
47,74,27.9923
47,75,11.4354
47,77,13.7373
47,79,10.9598
47,81,5.8418
47,82,11.4376
47,85,6.3714
47,86,15.6605
47,87,13.1205
47,88,16.8944
47,90,13.0994
47,91,2.7122
47,92,18.2297
47,94,22.8941
47,95,12.9182
47,97,26.0529
47,99,4.7079
47,101,7.0501
47,103,14.001
47,104,3.3184
47,108,10.3025
47,110,13.3712
47,111,28.3398
47,113,27.3431
47,116,22.9682
47,117,15.8608
47,118,29.4538
47,124,13.3974
47,127,19.9659
47,129,23.0676
47,130,11.6198
47,131,16.8081
47,134,11.4482
47,136,4.0259
47,137,23.2472
47,138,5.8952
47,141,10.2083
47,143,4.2067
47,145,9.1598
47,146,2.325
47,147,25.1544
47,149,15.4894
47,151,3.8051
47,152,14.8623
47,153,21.1215
47,155,19.2592
47,156,16.8015
47,157,13.5533
47,158,7.6739
47,162,6.1526
47,163,29.1172
47,164,19.7136
47,167,29.8041
47,169,20.2051
50,51,25.6777
50,52,9.3023
50,54,28.1443
50,56,11.0259
50,57,24.1526
50,59,11.4004
50,60,25.929
50,61,22.3049
50,62,3.312
50,63,28.5948
50,65,9.6972
50,66,4.493
50,67,19.2708
50,68,27.4455
50,69,14.0276
50,70,10.4608
50,71,4.8954
50,73,4.0425
50,74,6.7145
50,75,8.2399
50,76,26.3036
50,77,5.5994
50,79,6.3009
50,80,14.3536
50,81,9.0789
50,82,18.936
50,83,15.0535
50,84,6.6004
50,85,3.9735
50,86,29.0183
50,87,20.2262
50,88,20.7265
50,91,7.7908
50,92,19.5905
50,94,14.2212
50,95,18.5509
50,96,13.1603
50,98,13.4122
50,101,25.8153
50,102,9.1199
50,103,20.644
50,104,16.4809
50,105,10.4198
50,106,8.498
50,108,15.7525
50,109,4.1087
50,110,8.0341
50,111,6.6818
50,113,4.6232
50,114,19.9691
50,116,3.9671
50,117,4.2878
50,118,9.6198
50,120,24.4273
50,123,19.545
50,124,1.5716
50,128,23.4973
50,129,29.2876
50,130,15.4346
50,131,27.0874
50,132,1.3799
50,133,19.3481
50,134,20.5119
50,136,8.341
50,138,16.2919
50,139,7.9711
50,142,5.9453
50,143,26.7273
50,144,11.353
50,145,27.3659
50,146,18.0182
50,147,17.884
50,148,9.5765
50,149,5.7971
50,150,29.5035
50,151,19.4722
50,153,25.066
50,154,26.1229
50,155,5.5258
50,156,7.0927
50,157,24.4864
50,158,25.7638
50,159,19.0606
50,161,11.3338
50,164,8.1424
50,165,20.3733
50,166,18.8379
50,167,18.0596
50,168,27.7701
50,169,15.0541
51,52,28.6163
51,53,29.0867
51,55,12.0301
51,57,6.1564
51,59,1.4221
51,60,27.8461
51,61,14.6764
51,62,23.0889
51,66,3.5758
51,67,4.9613
51,71,3.9184
51,73,22.3369
51,75,26.6486
51,77,5.3883
51,78,14.6837
51,79,19.6052
51,80,10.5683
51,84,29.6407
51,85,5.2551
51,87,3.9015
51,88,1.6517
51,89,14.0863
51,90,13.7894
51,94,10.7237
51,95,14.7031
51,98,24.1333
51,101,10.0629
51,103,14.5033
51,104,2.1531
51,105,13.6915
51,108,8.3739
51,109,7.7377
51,110,26.8885
51,113,26.7753
51,114,18.8805
51,119,20.195
51,120,15.1969
51,121,10.6194
51,126,2.3934
51,127,13.1791
51,128,2.1764
51,129,29.7144
51,132,14.1013
51,133,4.3569
51,143,11.8482
51,145,9.8215
51,146,23.6648
51,149,28.9077
51,150,8.2714
51,152,12.0482
51,155,13.9945
51,158,1.2789
51,166,21.7946
52,53,26.2163
52,54,27.633
52,55,7.0421
52,56,24.582
52,57,26.2628
52,58,5.791
52,59,28.9725
52,60,26.4138
52,61,2.0622
52,62,28.0596
52,63,29.5311
52,64,26.1667
52,65,14.2838
52,66,7.17
52,67,18.47
52,68,18.9023
52,69,22.8933
52,70,22.4209
52,71,15.3912
52,72,28.0771
52,73,1.5445
52,74,3.3624
52,75,4.802
52,76,8.3928
52,77,25.911
52,78,16.3723
52,79,7.2359
52,80,8.8289
52,81,29.1964
52,82,13.4057
52,84,27.9999
52,86,20.1046
52,87,2.6901
52,88,4.2345
52,89,20.2089
52,90,6.8168
52,91,15.0058
52,92,4.1754
52,93,3.5436
52,94,25.7826
52,95,13.3964
52,96,24.7224
52,97,28.2653
52,98,21.6049
52,99,21.6972
52,100,18.0211
52,101,28.1439
52,102,6.3549
52,103,24.832
52,104,4.9221
52,105,17.0607
52,106,1.3651
52,107,7.8145
52,108,15.6844
52,109,22.506
52,110,26.0268
52,111,9.9085
52,112,15.0218
52,113,23.5841
52,114,7.0258
52,115,4.114
52,116,8.6038
52,117,14.092
52,118,2.3145
52,119,12.754
52,120,20.4047
52,121,2.6421
52,122,28.2439
52,123,23.7202
52,124,10.3742
52,125,22.7629
52,126,13.704
52,127,18.5716
52,129,15.9904
52,130,17.7729
52,131,28.2676
52,132,8.0226
52,133,19.3476
52,134,1.138
52,135,1.1813
52,136,5.3093
52,137,29.5559
52,138,27.1464
52,139,15.4513
52,140,27.8947
52,141,11.5889
52,142,19.4508
52,143,15.4221
52,144,9.879
52,145,17.0092
52,146,10.0308
52,147,13.9412
52,148,5.4998
52,149,24.9954
52,150,2.4433
52,151,27.2942
52,152,7.4722
52,153,21.9646
52,154,1.4965
52,155,4.8276
52,156,4.7748
52,157,12.5432
52,158,6.989
52,159,10.1964
52,160,27.9119
52,161,28.0056
52,162,19.7033
52,163,14.9645
52,164,12.021
52,165,6.3198
52,166,3.1807
52,167,23.0167
52,168,19.523
52,169,14.7114
53,55,5.3675
53,56,2.5989
53,57,21.4847
53,58,19.522
53,60,1.9217
53,61,3.2399
53,63,24.8369
53,65,12.9138
53,68,4.3739
53,71,3.9661
53,72,23.7576
53,73,23.1232
53,74,25.1941
53,78,10.8684
53,79,24.9272
53,80,7.2581
53,83,7.7334
53,84,26.6716
53,93,19.0713
53,96,26.4964
53,98,11.5946
53,105,3.1408
53,109,29.2092
53,110,4.3058
53,114,24.1636
53,115,13.2878
53,116,1.9742
53,118,4.6087
53,119,22.6125
53,120,11.5403
53,126,3.3379
53,127,5.5788
53,128,23.69
53,129,23.4727
53,130,25.8659
53,131,13.9949
53,132,5.2455
53,133,22.6514
53,134,4.236
53,137,22.4141
53,139,11.7395
53,140,16.7537
53,141,11.6926
53,144,2.6214
53,145,18.7172
53,146,26.8262
53,147,27.3881
53,149,20.6251
53,150,2.35
53,152,5.3851
53,153,5.6067
53,155,9.9009
53,163,2.3375
53,165,29.7714
53,169,25.5878
54,56,28.8541
54,59,2.1695
54,61,1.9555
54,62,17.6968
54,65,10.0525
54,69,24.7429
54,70,6.3792
54,73,20.1376
54,76,3.7026
54,78,12.188
54,80,3.9459
54,84,4.7624
54,85,1.2938
54,91,22.2324
54,92,23.6472
54,94,5.3163
54,108,25.2466
54,109,28.2696
54,112,13.7626
54,113,6.3649
54,114,19.3388
54,115,17.4993
54,128,5.259
54,130,18.8174
54,136,14.6869
54,138,21.1756
54,142,24.9327
54,143,27.0095
54,145,17.9072
54,146,17.6738
54,147,20.039
54,151,24.51
54,158,2.9754
54,160,24.3681
54,161,11.3281
54,164,14.4038
54,167,6.5589
54,168,25.2878
55,56,8.9303
55,60,11.0295
55,67,13.4934
55,68,8.4214
55,70,7.3995
55,72,9.4231
55,73,2.8597
55,78,8.7477
55,80,6.3454
55,83,4.9832
55,84,1.427
55,92,14.994
55,93,10.5704
55,94,28.4335
55,98,29.7815
55,99,8.7604
55,103,22.6915
55,106,17.4163
55,110,13.3269
55,113,21.1057
55,114,17.7929
55,119,5.7133
55,120,17.5646
55,123,19.5451
55,124,26.7947
55,128,24.6271
55,129,12.1105
55,133,8.6985
55,140,22.7477
55,142,15.4942
55,143,18.7286
55,144,6.8996
55,151,25.2701
55,152,20.9823
55,154,6.9224
55,155,10.9777
55,159,24.562
55,163,7.2026
55,169,20.0223
56,57,7.2883
56,58,13.7858
56,59,14.6655
56,60,29.307
56,62,27.0436
56,64,16.0375
56,65,4.0245
56,69,3.3992
56,71,19.8726
56,72,14.0492
56,73,23.2657
56,79,28.3512
56,80,16.6598
56,82,2.0307
56,83,23.1542
56,87,23.2819
56,88,27.7804
56,92,29.2989
56,93,23.7809
56,95,24.0112
56,97,25.6051
56,98,21.8013
56,101,3.9888
56,106,7.537
56,108,3.4395
56,110,8.9526
56,112,8.7815
56,114,29.9399
56,115,12.5135
56,116,15.371
56,118,24.4766
56,120,3.9564
56,122,20.479
56,125,8.2619
56,126,22.9815
56,127,18.8836
56,129,13.3711
56,130,12.055
56,131,15.9458
56,132,9.9523
56,134,12.1638
56,136,23.158
56,137,17.3021
56,139,10.7982
56,141,22.507
56,145,8.4368
56,147,21.1442
56,148,17.3743
56,149,15.6964
56,150,12.2729
56,152,5.5694
56,154,27.6622
56,156,21.1986
56,161,4.7714
56,164,24.2708
56,168,26.4583
57,58,28.4483
57,60,5.1969
57,61,27.5037
57,63,3.7614
57,64,8.2748
57,66,1.9049
57,67,24.3064
57,68,2.311
57,70,28.0118
57,71,3.8961
57,72,12.2714
57,73,5.1878
57,74,18.3999
57,75,3.9916
57,76,18.5604
57,77,18.1089
57,78,14.3494
57,79,15.1813
57,80,8.1623
57,81,18.6256
57,82,8.301
57,83,8.7449
57,84,8.6216
57,85,26.8811
57,86,20.7166
57,88,15.2788
57,89,17.8653
57,90,9.1028
57,91,21.0324
57,92,28.7378
57,93,14.354
57,94,3.608
57,95,3.991
57,96,4.005
57,97,16.3006
57,98,19.3374
57,99,17.6522
57,102,10.5493
57,103,27.6689
57,104,5.3631
57,105,28.4483
57,106,7.7687
57,107,15.3316
57,108,21.8954
57,109,28.2671
57,110,18.5816
57,111,20.2462
57,112,26.2863
57,113,9.7302
57,114,27.6418
57,116,5.0894
57,117,17.6183
57,118,10.8328
57,119,13.7827
57,120,8.911
57,121,14.2286
57,122,2.5874
57,123,27.8894
57,124,20.5283
57,125,1.9774
57,126,9.7639
57,127,8.1924
57,128,29.2572
57,129,21.269
57,130,29.6866
57,131,24.33
57,132,7.4792
57,134,28.7775
57,136,23.1813
57,137,14.9936
57,138,27.3784
57,139,13.033
57,140,7.2649
57,141,19.3806
57,142,19.6495
57,144,14.0158
57,145,3.7327
57,146,15.5644
57,147,11.2181
57,148,9.7369
57,149,2.3501
57,150,25.0764
57,151,17.5988
57,152,22.8576
57,153,23.618
57,154,2.7818
57,156,17.0769
57,158,1.4722
57,159,27.0925
57,160,19.8633
57,161,10.321
57,162,20.2575
57,163,21.7888
57,164,24.0996
57,165,15.6836
57,166,14.2359
57,168,16.7313
58,59,25.1124
58,63,16.693
58,64,21.6918
58,65,17.3291
58,66,12.1194
58,68,7.5995
58,69,3.4994
58,71,20.2038
58,72,11.1792
58,73,27.709
58,74,16.991
58,75,21.3703
58,76,3.8348
58,78,23.6506
58,79,27.0589
58,80,19.1406
58,82,2.9784
58,83,26.9225
58,84,29.2292
58,85,7.9564
58,86,15.2772
58,91,18.7159
58,92,10.8825
58,93,7.7567
58,96,17.7363
58,97,20.3853
58,98,2.7645
58,99,13.5459
58,100,7.4651
58,101,29.6765
58,102,25.7945
58,104,15.5315
58,105,18.45
58,106,19.0539
58,108,11.8355
58,110,13.2315
58,113,21.1733
58,118,26.0551
58,119,13.5733
58,122,1.6373
58,123,6.6115
58,124,19.9872
58,126,3.4132
58,127,12.1706
58,128,5.228
58,129,18.2532
58,131,17.9788
58,132,5.0875
58,134,26.3693
58,135,8.4152
58,138,24.7444
58,139,2.3645
58,140,10.055
58,141,5.394
58,142,9.727
58,144,1.4175
58,148,3.255
58,150,6.1335
58,153,9.3706
58,155,6.5484
58,157,5.6739
58,158,29.6519
58,159,26.5099
58,160,15.5033
58,161,1.0994
58,162,14.6228
58,163,26.1647
58,164,13.1619
58,165,18.2246
58,166,15.238
58,169,5.8436
59,60,5.2236
59,62,13.7273
59,63,25.3595
59,64,7.4551
59,65,15.2235
59,66,7.0024
59,67,27.9717
59,68,4.8202
59,69,10.845
59,70,26.3344
59,71,14.8594
59,73,11.1168
59,74,2.339
59,75,26.0067
59,78,8.1461
59,79,14.833
59,80,24.9526
59,81,28.2597
59,82,13.113
59,83,27.8722
59,84,3.8001
59,86,8.773
59,87,24.9446
59,90,28.4428
59,94,22.1252
59,95,9.7228
59,96,20.0735
59,97,19.181
59,98,24.795
59,99,16.3904
59,100,25.7516
59,101,8.1857
59,102,8.683
59,103,17.8603
59,104,12.2489
59,107,4.732
59,108,22.5702
59,110,20.1602
59,115,13.3279
59,116,28.0086
59,117,29.1223
59,118,13.0051
59,121,11.4725
59,122,18.9804
59,124,4.1171
59,125,1.1791
59,126,5.3624
59,128,6.9843
59,129,2.1307
59,130,5.827
59,131,16.5904
59,132,4.2936
59,133,6.1966
59,134,18.5144
59,135,5.6759
59,136,20.8842
59,137,27.712
59,138,8.7914
59,139,23.1032
59,140,3.0218
59,141,21.2303
59,143,11.9626
59,144,20.2282
59,146,19.1426
59,147,1.4091
59,148,15.0893
59,149,24.9141
59,150,16.3531
59,151,6.1945
59,153,17.6963
59,154,23.7785
59,155,27.08
59,157,17.0279
59,158,5.8898
59,159,27.5504
59,160,22.13
59,161,27.0684
59,162,6.8267
59,163,14.7689
59,164,19.0556
59,165,26.5785
59,166,13.089
59,167,27.0503
59,168,5.9404
59,169,23.0232
61,63,19.9462
61,67,22.4894
61,68,26.4515
61,69,27.6493
61,70,21.8789
61,73,15.6668
61,74,8.4611
61,75,19.429
61,78,1.4053
61,83,26.571
61,84,28.1559
61,87,29.2
61,90,8.0362
61,91,29.0348
61,92,3.5924
61,95,5.1125
61,97,4.9998
61,101,2.7354
61,102,16.2551
61,103,5.8698
61,104,27.1714
61,105,28.3572
61,106,8.4789
61,107,26.9589
61,109,16.0864
61,110,28.8928
61,111,4.8683
61,112,5.3869
61,114,3.9926
61,115,22.0395
61,117,20.6341
61,120,10.2519
61,123,11.7428
61,126,8.9973
61,127,27.5172
61,128,15.471
61,130,11.1882
61,131,27.7697
61,132,5.8341
61,134,23.2325
61,136,4.7681
61,143,15.43
61,144,12.6473
61,150,18.5566
61,153,22.0042
61,155,12.9238
61,156,4.7893
61,158,6.589
61,161,28.6139
61,163,25.0461
61,164,23.4796
61,165,5.2911
61,166,12.0905
62,63,21.0374
62,64,28.6763
62,65,28.5768
62,66,20.4122
62,69,17.4507
62,70,21.9804
62,71,6.4651
62,72,4.2179
62,73,2.4806
62,74,16.5592
62,75,3.9551
62,76,1.152
62,77,10.11
62,78,11.1253
62,79,24.5772
62,80,6.3288
62,81,1.6434
62,82,19.9653
62,84,24.3733
62,85,9.7006
62,86,28.2572
62,88,7.7944
62,89,15.3585
62,90,6.6965
62,92,17.9111
62,93,24.8112
62,94,1.8793
62,95,10.05
62,96,22.1773
62,97,2.1513
62,98,1.2388
62,99,7.917
62,101,1.6292
62,102,5.6918
62,104,23.4685
62,105,22.3661
62,106,21.1669
62,107,27.2473
62,108,27.5167
62,112,24.9279
62,113,6.2157
62,114,11.2812
62,115,18.6208
62,116,25.1813
62,117,8.6506
62,119,25.8638
62,120,29.1996
62,121,21.5713
62,122,26.8756
62,125,4.998
62,126,16.4774
62,127,25.3665
62,128,11.476
62,129,1.8203
62,130,13.1227
62,132,22.1577
62,133,8.7661
62,134,9.9876
62,135,22.9779
62,136,13.7256
62,137,14.8275
62,138,14.6093
62,140,11.07
62,141,16.428
62,142,13.9132
62,143,12.8579
62,144,22.6245
62,145,8.0432
62,146,15.8908
62,147,26.7456
62,148,6.348
62,149,11.6375
62,150,1.2085
62,151,27.4574
62,152,16.4689
62,153,23.5714
62,154,27.3291
62,156,4.7802
62,157,28.7136
62,158,9.7909
62,159,26.0041
62,160,27.1697
62,161,16.1651
62,162,16.6519
62,163,9.5821
62,164,27.603
62,165,28.8786
62,166,1.9412
62,167,27.0336
62,168,21.4699
63,86,15.1378
63,99,3.9699
63,121,25.3195
63,124,1.2913
63,160,16.3533
64,65,26.6811
64,66,19.6382
64,67,12.3275
64,68,22.3401
64,69,10.8955
64,72,21.6168
64,73,26.2612
64,74,11.0488
64,76,28.4244
64,77,28.2483
64,78,25.1195
64,79,12.6345
64,80,15.6414
64,83,3.1849
64,84,6.5898
64,85,24.7813
64,86,5.4384
64,88,19.3126
64,89,25.0696
64,91,15.9276
64,92,28.5389
64,93,2.3503
64,94,3.0891
64,95,7.8388
64,96,4.5613
64,97,16.8553
64,98,1.2628
64,99,23.3795
64,100,23.4829
64,101,6.1358
64,103,19.939
64,104,6.6794
64,105,18.0426
64,107,8.4454
64,108,3.3224
64,109,19.467
64,110,21.2453
64,111,19.2435
64,112,8.7733
64,113,4.3916
64,115,27.9825
64,117,21.0768
64,119,13.1992
64,120,8.123
64,121,20.9359
64,122,19.5576
64,123,10.8642
64,124,4.1513
64,127,8.5086
64,128,8.8
64,129,18.1844
64,130,18.443
64,132,25.6896
64,133,25.3369
64,134,14.5983
64,135,26.3634
64,136,5.6317
64,141,26.0772
64,142,16.9047
64,143,19.2333
64,144,12.7137
64,146,24.7434
64,148,3.2422
64,149,11.5742
64,150,6.3461
64,151,28.6186
64,152,14.3399
64,153,23.1005
64,154,3.1556
64,156,4.1644
64,158,22.9411
64,161,2.8301
64,162,22.7353
64,164,8.1895
64,165,7.5115
64,166,12.1765
64,167,16.4666
64,168,15.0406
64,169,1.3745
65,66,27.8809
65,67,13.2034
65,68,16.5567
65,69,22.4795
65,70,14.1442
65,71,16.8531
65,76,29.2372
65,79,19.5965
65,80,21.944
65,83,8.7276
65,84,24.3333
65,85,2.6453
65,86,1.7537
65,89,18.462
65,90,11.8155
65,94,2.9583
65,95,4.6136
65,97,28.7991
65,98,12.8546
65,103,26.1962
65,104,29.6757
65,105,29.959
65,108,2.702
65,109,8.9314
65,115,2.317
65,116,13.7127
65,118,25.0786
65,120,28.6242
65,121,12.5054
65,122,21.678
65,123,20.6531
65,124,29.9679
65,127,14.1379
65,129,11.2603
65,130,15.1588
65,131,9.7947
65,133,2.9266
65,134,3.211
65,136,3.8204
65,138,27.7059
65,139,2.9159
65,140,27.8619
65,141,9.8394
65,142,27.463
65,143,19.2495
65,146,10.1584
65,148,25.0688
65,150,11.7535
65,151,5.9975
65,152,12.6163
65,155,4.8494
65,157,29.1659
65,159,26.8079
65,161,3.9468
65,163,21.6388
65,166,21.8068
65,169,29.2962
66,68,11.5904
66,69,2.9789
66,71,17.2292
66,74,2.1121
66,75,4.6097
66,76,9.2384
66,78,5.0858
66,79,13.3988
66,81,20.0348
66,83,13.4659
66,84,1.8045
66,85,27.2914
66,86,28.7078
66,88,24.8168
66,89,2.6624
66,90,4.6345
66,92,21.7374
66,94,27.1741
66,95,28.4641
66,96,23.2183
66,98,14.4789
66,100,28.0109
66,101,2.6567
66,102,4.301
66,103,11.3973
66,105,25.8073
66,106,21.5497
66,108,25.1556
66,110,25.8252
66,111,17.3258
66,112,18.1308
66,116,7.9392
66,117,23.3926
66,118,19.2475
66,121,5.4383
66,122,12.1342
66,125,27.6953
66,126,15.1453
66,127,22.5591
66,128,8.1417
66,130,5.4567
66,131,12.6453
66,134,16.8163
66,135,17.166
66,137,28.3687
66,141,8.6148
66,143,2.2252
66,144,15.8201
66,146,23.493
66,147,4.6091
66,149,26.6782
66,150,26.2323
66,152,27.359
66,153,5.0185
66,154,17.7688
66,156,11.7975
66,157,16.0742
66,160,3.1488
66,161,6.047
66,162,6.6805
66,166,29.9611
66,167,4.3767
66,168,14.3465
67,68,24.5983
67,70,23.6084
67,71,10.8297
67,73,13.2791
67,74,9.7909
67,76,9.7358
67,77,17.2547
67,79,9.2585
67,80,16.6228
67,82,14.5259
67,84,11.5512
67,88,9.5274
67,89,3.9397
67,90,28.7636
67,91,5.4356
67,92,4.2375
67,93,12.1469
67,95,25.3878
67,96,16.2829
67,97,1.4502
67,99,18.6737
67,100,24.0226
67,101,5.7059
67,102,2.6145
67,104,14.5517
67,106,1.809
67,107,10.6515
67,108,9.2172
67,109,15.1248
67,110,18.9824
67,111,3.5608
67,114,26.3002
67,115,25.176
67,116,4.1478
67,117,10.7023
67,119,9.8375
67,121,8.8134
67,122,28.4064
67,123,17.3242
67,124,11.8859
67,127,6.7491
67,128,4.6755
67,129,3.0591
67,132,23.779
67,133,5.3778
67,134,22.7828
67,139,18.2561
67,140,26.748
67,141,4.4099
67,142,27.3565
67,143,5.6791
67,144,18.9653
67,145,3.4203
67,146,24.291
67,148,19.5693
67,155,18.5847
67,156,6.2116
67,159,28.8659
67,160,26.5125
67,161,12.8387
67,163,15.0542
67,164,18.4545
67,166,7.6423
67,168,7.2413
68,69,20.6233
68,72,20.4223
68,73,16.9974
68,74,17.1188
68,76,29.35
68,77,29.33
68,78,9.3187
68,79,10.785
68,80,20.2343
68,81,20.7605
68,82,27.5047
68,84,17.8189
68,85,7.3137
68,86,18.0463
68,87,10.7042
68,89,23.3895
68,90,26.6271
68,91,19.7304
68,92,7.8264
68,93,7.5546
68,94,25.9661
68,95,27.7765
68,96,29.1051
68,97,28.7577
68,98,16.7624
68,99,10.967
68,100,7.6745
68,101,20.3716
68,102,11.2492
68,103,28.0469
68,104,25.5867
68,105,8.0102
68,106,15.6784
68,107,20.3102
68,108,16.4521
68,109,26.8412
68,110,16.94
68,111,7.2644
68,112,22.7461
68,113,12.1627
68,114,21.5934
68,115,2.2818
68,116,7.3227
68,117,16.7127
68,118,8.8615
68,119,27.991
68,120,3.4092
68,121,8.5123
68,122,26.5134
68,124,6.0134
68,125,5.7751
68,126,4.6141
68,127,28.1697
68,128,7.5801
68,129,28.2872
68,130,3.4797
68,131,28.8298
68,132,24.6848
68,133,28.5032
68,134,4.5133
68,136,7.6472
68,137,5.6975
68,138,23.5311
68,139,12.0304
68,140,3.4931
68,141,27.6548
68,143,14.5812
68,144,4.4109
68,145,18.0909
68,146,15.5769
68,147,29.4847
68,148,18.9772
68,150,23.2475
68,151,3.3814
68,153,2.8707
68,156,19.9384
68,157,3.2969
68,158,28.2097
68,159,23.7606
68,160,23.177
68,161,25.5714
68,163,29.5911
68,164,25.8082
68,165,1.6263
68,166,9.158
68,167,6.4459
68,168,21.6341
68,169,9.3846
69,71,23.3728
69,72,7.3431
69,74,13.9067
69,75,15.4785
69,76,1.5833
69,77,9.1672
69,78,26.5338
69,79,9.8036
69,80,23.5919
69,81,4.9311
69,82,14.7166
69,83,15.1951
69,84,1.7973
69,85,26.8846
69,86,11.7504
69,87,1.7074
69,88,24.6228
69,89,9.7548
69,90,10.6109
69,91,26.0237
69,92,28.8769
69,93,11.7515
69,94,15.1973
69,95,24.0091
69,98,8.5794
69,99,4.782
69,100,10.9609
69,101,18.6279
69,102,5.667
69,103,24.3987
69,104,26.8871
69,105,13.2606
69,106,7.4359
69,107,26.1023
69,108,8.1965
69,110,6.1332
69,111,1.31
69,112,15.2236
69,113,16.085
69,116,12.3408
69,117,25.4184
69,118,18.2452
69,119,29.8158
69,120,15.448
69,121,20.2349
69,122,17.3774
69,123,20.5129
69,124,23.2549
69,125,2.5336
69,126,11.9503
69,127,20.1889
69,128,20.2266
69,129,15.9412
69,131,19.8481
69,132,23.251
69,133,6.5099
69,134,18.2897
69,136,24.0379
69,137,1.2809
69,139,27.5516
69,140,16.9967
69,141,18.0044
69,142,2.6828
69,144,24.036
69,146,5.3455
69,147,16.0966
69,148,4.1939
69,149,23.2359
69,150,16.6564
69,152,27.3171
69,153,24.5481
69,154,13.8766
69,155,15.3725
69,156,10.6769
69,157,10.7422
69,158,19.499
69,159,4.1129
69,160,23.2584
69,162,9.2385
69,163,10.8264
69,164,21.27
69,165,19.1781
69,166,4.481
69,167,22.3993
69,168,3.107
69,169,26.3063
71,89,11.0344
71,93,12.6341
71,118,13.9111
71,120,15.3563
71,125,7.834
71,149,3.9015
71,150,10.9084
71,162,13.6249
71,169,25.4909
72,76,2.0448
72,77,23.922
72,80,10.6098
72,81,18.2263
72,89,28.2086
72,99,6.5686
72,101,25.454
72,105,7.8621
72,106,24.1276
72,107,12.4676
72,108,1.3713
72,113,3.6495
72,117,10.4092
72,118,10.2384
72,124,8.7659
72,133,28.5952
72,142,6.655
72,148,16.6736
72,162,24.5696
72,166,24.0309
73,74,22.9689
73,79,11.2915
73,80,27.5711
73,82,29.885
73,83,11.3217
73,85,4.0314
73,87,20.566
73,88,26.757
73,89,15.5272
73,90,24.7458
73,91,13.7124
73,92,10.2894
73,93,22.0134
73,95,27.2583
73,96,3.5126
73,98,10.7665
73,100,6.1812
73,101,23.7241
73,102,6.9402
73,105,4.7583
73,109,24.5866
73,111,19.2462
73,112,26.2814
73,115,27.3779
73,116,29.5428
73,119,26.039
73,120,26.4057
73,130,16.5502
73,133,25.1218
73,135,15.2836
73,138,17.6074
73,139,26.5971
73,140,27.7146
73,142,1.3493
73,143,26.3093
73,144,26.5719
73,145,26.5184
73,146,26.962
73,147,1.0438
73,148,13.8823
73,149,8.1867
73,150,27.1387
73,152,13.8266
73,153,15.5841
73,154,9.0663
73,156,25.9522
73,157,20.6794
73,159,21.9563
73,161,15.8938
73,163,1.4482
73,165,21.6626
73,166,23.7116
73,168,5.4909
73,169,24.0065
75,76,8.1503
75,77,5.2724
75,78,4.1388
75,79,10.6364
75,80,6.6211
75,81,23.8293
75,82,2.2173
75,83,8.0292
75,84,11.0869
75,85,25.4411
75,86,25.2653
75,87,21.4198
75,88,14.9743
75,89,7.6451
75,90,17.0157
75,91,1.541
75,92,9.2481
75,93,1.0705
75,94,18.8677
75,95,24.7422
75,96,10.2742
75,97,24.1008
75,98,28.428
75,99,12.986
75,100,2.5899
75,101,20.4194
75,102,20.9031
75,103,28.6963
75,104,16.8421
75,105,6.9768
75,106,20.9322
75,107,10.8163
75,108,3.2337
75,109,28.4861
75,110,9.9327
75,111,24.7012
75,112,15.6646
75,113,13.3395
75,114,1.0318
75,115,19.6701
75,116,17.4421
75,117,24.1148
75,118,27.9026
75,119,18.0831
75,120,11.167
75,121,5.1092
75,122,16.5135
75,123,15.6894
75,124,22.7288
75,125,4.7987
75,126,5.1771
75,127,17.1412
75,128,21.8838
75,129,17.2026
75,130,7.4039
75,131,9.0911
75,132,7.4359
75,133,28.7785
75,134,8.7623
75,135,22.2211
75,136,14.4982
75,137,11.5015
75,138,4.1989
75,139,14.994
75,140,6.1411
75,141,19.684
75,142,23.2144
75,143,13.9095
75,144,19.7008
75,145,26.0266
75,146,5.9124
75,147,5.742
75,148,24.9795
75,149,25.9804
75,150,4.7547
75,151,29.9845
75,152,21.3162
75,153,22.0358
75,154,17.0738
75,155,9.9695
75,156,9.7472
75,157,1.7511
75,158,5.9401
75,159,11.3392
75,160,27.4445
75,161,16.299
75,162,22.6534
75,163,10.2374
75,164,28.0804
75,165,16.0916
75,166,21.3916
75,167,22.5645
75,168,3.3361
75,169,12.2814
77,83,18.1565
77,98,6.746
77,102,16.4932
77,106,16.7346
77,112,8.2544
77,118,23.516
77,122,28.492
77,127,11.8314
77,132,16.5255
77,149,8.7985
77,153,11.5982
77,157,10.5784
77,160,10.0712
77,164,21.289
77,165,12.7437
77,168,6.0226
78,166,24.3104
80,83,13.8338
80,86,6.9651
80,87,24.6453
80,88,6.3832
80,90,7.7104
80,91,18.4174
80,95,8.228
80,96,18.3842
80,98,7.8225
80,100,6.062
80,106,11.5955
80,109,7.8126
80,114,3.2248
80,117,27.9187
80,118,2.2277
80,134,2.9118
80,148,8.2487
80,151,18.9514
80,154,27.0014
80,156,28.0668
80,166,4.5297
80,167,8.8595
83,84,12.9619
83,85,28.2442
83,86,26.5591
83,87,6.9189
83,88,13.7763
83,89,24.612
83,90,16.7733
83,91,7.8568
83,92,25.1982
83,93,2.4849
83,94,18.7687
83,95,4.6944
83,96,12.2572
83,97,3.116
83,98,12.8553
83,99,29.7892
83,100,18.1195
83,101,16.7089
83,102,26.7726
83,103,14.7494
83,104,11.1736
83,105,23.3925
83,106,25.6451
83,107,18.5406
83,108,7.2426
83,109,23.1315
83,110,4.7954
83,111,17.3914
83,112,17.9953
83,113,7.4363
83,114,14.545
83,115,3.1306
83,116,3.9488
83,117,6.6999
83,118,8.3736
83,119,22.2872
83,120,16.6425
83,121,12.739
83,122,12.8004
83,123,19.7431
83,124,29.223
83,125,3.1654
83,126,14.927
83,127,24.5598
83,128,8.5285
83,129,12.7006
83,130,7.8105
83,131,8.5687
83,132,11.7507
83,133,28.8585
83,134,29.7171
83,135,15.1332
83,136,11.1463
83,137,29.8504
83,138,19.9994
83,139,24.5821
83,140,25.6514
83,141,7.0749
83,142,7.0198
83,143,5.4418
83,144,14.2853
83,145,3.7962
83,146,10.9053
83,147,8.5972
83,148,9.8567
83,149,18.9059
83,150,27.79
83,151,13.7306
83,152,25.8763
83,153,24.3768
83,154,13.1715
83,155,5.8954
83,156,10.6318
83,157,9.9762
83,158,16.0321
83,159,9.4811
83,160,1.005
83,161,21.7728
83,162,5.8231
83,163,15.1909
83,164,29.4353
83,165,1.6029
83,166,25.9552
83,167,13.3974
83,168,3.2809
83,169,24.2963
85,87,20.832
85,91,7.8063
85,92,3.2012
85,100,14.7884
85,103,8.3453
85,111,4.2926
85,121,10.1643
85,132,3.4778
85,163,9.5911
85,169,4.1186
86,88,27.6783
86,89,17.6171
86,90,14.1501
86,91,10.7644
86,92,22.0375
86,93,14.4957
86,94,12.0549
86,95,26.1589
86,96,26.5663
86,97,28.602
86,98,29.3685
86,99,24.1514
86,100,6.5928
86,101,8.6701
86,102,23.6001
86,103,13.097
86,104,24.996
86,105,12.3435
86,107,11.6762
86,108,26.4909
86,110,21.0195
86,111,9.2521
86,113,28.3949
86,114,10.4013
86,115,10.8285
86,116,8.0762
86,117,4.5278
86,118,22.6549
86,119,7.1681
86,121,27.0882
86,122,3.1534
86,124,19.6302
86,125,12.1774
86,126,28.9727
86,127,21.1695
86,128,29.2545
86,129,8.2335
86,131,18.2022
86,132,15.0373
86,134,1.2623
86,135,24.2864
86,136,10.5108
86,137,4.5152
86,138,13.9273
86,139,16.3919
86,141,7.734
86,142,5.1884
86,143,7.2788
86,144,10.7996
86,145,3.0094
86,146,10.171
86,147,13.445
86,149,14.685
86,150,24.5487
86,151,4.3469
86,152,14.7092
86,153,15.7094
86,154,9.8999
86,156,3.5412
86,157,29.1085
86,158,7.0936
86,159,27.5341
86,160,27.9551
86,161,3.4586
86,162,23.0441
86,163,16.9717
86,164,19.5322
86,165,9.2633
86,166,20.3661
86,167,3.7664
86,168,22.296
86,169,12.3115
87,88,19.2614
87,89,9.9606
87,90,18.6144
87,97,1.5886
87,99,7.639
87,100,20.4712
87,101,26.6483
87,104,6.9269
87,108,21.0327
87,111,1.4718
87,113,12.745
87,114,2.0434
87,116,1.3536
87,117,17.8052
87,118,20.1443
87,119,3.2101
87,121,16.2301
87,123,21.3481
87,125,21.2314
87,127,17.9594
87,128,25.4786
87,132,20.899
87,133,9.5603
87,137,10.7844
87,138,9.1084
87,143,26.2196
87,146,3.5057
87,147,8.0705
87,149,15.8356
87,152,13.4764
87,153,1.3313
87,159,15.9917
87,160,19.8611
87,161,5.7326
87,162,23.7388
87,166,2.3065
87,168,13.0795
89,90,2.0326
89,91,28.4108
89,92,23.7554
89,93,16.281
89,94,29.5487
89,95,25.002
89,96,5.5978
89,97,26.1314
89,98,12.7275
89,99,29.672
89,100,20.793
89,101,2.3333
89,102,24.1612
89,103,19.2993
89,104,16.0549
89,105,12.3456
89,106,4.7588
89,107,15.7582
89,108,2.5246
89,109,22.279
89,110,3.3047
89,111,2.6757
89,112,3.7018
89,113,14.3934
89,114,4.5033
89,115,16.5873
89,116,12.5841
89,117,8.4477
89,118,25.1667
89,119,5.6483
89,120,4.0708
89,121,8.7408
89,122,19.9619
89,123,26.3019
89,124,15.8951
89,125,18.4415
89,126,13.0886
89,127,26.3962
89,128,6.2442
89,129,19.1426
89,130,12.7282
89,131,29.2219
89,132,8.385
89,133,8.1455
89,134,7.3622
89,135,4.5182
89,136,23.2348
89,137,11.7965
89,138,22.9685
89,139,23.9289
89,140,23.0511
89,141,4.6187
89,142,6.5478
89,143,3.6713
89,144,17.6373
89,145,9.9519
89,146,7.5666
89,147,21.422
89,148,29.4579
89,149,21.7261
89,150,9.802
89,151,14.7313
89,152,1.316
89,153,6.3656
89,154,5.0511
89,155,14.706
89,156,13.0162
89,157,6.6689
89,158,22.0821
89,159,17.1134
89,160,1.0555
89,161,26.1156
89,162,14.3583
89,163,23.7183
89,164,15.931
89,165,18.6516
89,166,23.2771
89,167,10.1162
89,168,23.9616
89,169,7.3462
90,93,7.2653
90,98,5.8162
90,99,1.7172
90,100,26.289
90,101,10.4601
90,103,26.7379
90,104,13.8602
90,105,10.5122
90,110,24.8578
90,112,26.5767
90,114,11.1807
90,120,18.6989
90,122,21.1004
90,125,22.8804
90,127,6.5437
90,130,10.1771
90,133,9.0863
90,135,23.3511
90,143,25.5529
90,148,24.552
90,151,2.8039
90,153,26.1276
90,155,23.9983
90,156,29.9847
90,157,23.4085
90,158,2.5216
90,161,2.5737
90,163,9.214
90,164,19.593
90,165,28.6936
90,167,22.0308
90,169,17.4482
91,92,9.7811
91,93,7.1838
91,94,20.4375
91,95,11.159
91,96,28.0781
91,98,9.5768
91,99,28.7282
91,101,23.8164
91,102,27.4171
91,103,5.4071
91,104,20.1806
91,105,22.7757
91,106,23.4385
91,109,20.1667
91,110,21.6747
91,111,18.3301
91,113,28.6638
91,114,15.3433
91,115,3.3948
91,117,16.7348
91,118,8.1696
91,121,29.4092
91,123,4.127
91,124,21.8535
91,125,8.2889
91,128,11.6195
91,130,27.3172
91,131,10.4581
91,132,4.8933
91,133,10.6421
91,134,4.2479
91,137,6.4537
91,138,21.9384
91,139,10.7147
91,144,19.3524
91,147,1.2001
91,148,6.0187
91,150,12.3
91,151,21.9033
91,152,19.2589
91,155,9.5293
91,156,16.8724
91,157,4.6654
91,158,2.6592
91,159,26.4381
91,160,14.8334
91,161,10.4896
91,165,11.694
91,166,25.7085
91,167,4.4987
91,168,15.2839
92,93,10.7509
92,94,1.2625
92,95,1.2063
92,96,11.198
92,97,23.5063
92,98,7.4664
92,99,28.5064
92,100,12.527
92,101,24.8577
92,102,27.647
92,103,19.3545
92,104,23.5667
92,105,26.4405
92,106,24.1585
92,107,17.0267
92,108,9.9077
92,109,24.0174
92,110,28.6451
92,111,1.1515
92,112,5.6723
92,113,11.1662
92,114,15.6422
92,115,8.6765
92,116,4.6569
92,117,23.1548
92,118,10.2153
92,119,5.1176
92,120,22.8415
92,121,2.0756
92,122,3.2279
92,123,9.6561
92,124,2.6087
92,125,14.8369
92,126,11.3106
92,127,14.5092
92,128,19.1132
92,129,26.0251
92,130,27.404
92,131,7.5553
92,132,28.5551
92,133,11.6686
92,134,23.4979
92,135,7.794
92,136,4.378
92,137,28.9052
92,138,5.5607
92,139,19.8578
92,140,12.3962
92,141,12.4667
92,142,23.78
92,143,4.7488
92,144,11.8359
92,145,15.1562
92,146,17.7742
92,147,12.0679
92,148,24.9294
92,149,17.5928
92,150,3.4949
92,151,6.6889
92,152,1.0757
92,153,20.1082
92,154,12.036
92,155,22.9881
92,156,15.0101
92,157,7.0711
92,158,27.8895
92,159,25.5439
92,160,12.9498
92,161,6.7113
92,162,2.4661
92,163,22.3588
92,164,19.5568
92,165,18.4633
92,166,5.5908
92,167,3.2144
92,168,23.9553
92,169,22.8193
93,94,6.8182
93,95,7.8859
93,96,6.0821
93,97,7.432
93,98,24.9765
93,99,9.1703
93,100,23.7994
93,101,24.8355
93,102,2.8815
93,103,11.0051
93,105,22.7076
93,106,27.2683
93,107,28.3719
93,108,22.9935
93,109,13.0025
93,110,25.8826
93,111,2.2679
93,112,13.7255
93,113,18.1541
93,114,20.9439
93,115,14.6455
93,116,12.0081
93,117,17.1367
93,118,13.9707
93,119,21.2288
93,121,20.8167
93,122,24.9725
93,123,5.0641
93,124,20.6071
93,125,3.6421
93,126,13.1291
93,127,25.4611
93,128,12.797
93,129,18.8889
93,131,3.546
93,132,11.8783
93,133,16.8125
93,134,6.3939
93,135,6.0826
93,136,28.4477
93,137,3.9215
93,138,24.7306
93,139,2.0112
93,140,8.0178
93,142,10.667
93,143,11.2534
93,144,7.0185
93,145,28.9409
93,146,4.7633
93,147,2.8591
93,148,5.7472
93,150,19.4291
93,151,27.9757
93,152,20.669
93,153,5.3329
93,154,14.7718
93,155,29.5379
93,156,5.1039
93,157,21.2782
93,158,3.551
93,159,8.2887
93,160,24.8942
93,162,10.4764
93,163,27.3834
93,164,20.0155
93,165,1.5198
93,168,20.5932
93,169,20.0874
94,95,17.342
94,96,9.6186
94,97,18.0675
94,98,22.1207
94,99,10.846
94,100,15.8989
94,101,16.269
94,102,15.354
94,103,6.6524
94,104,28.0807
94,106,6.2705
94,107,1.9827
94,108,4.182
94,109,21.639
94,110,2.2871
94,111,2.9753
94,112,5.2277
94,113,10.7972
94,114,7.2886
94,115,17.1891
94,116,22.429
94,117,14.8293
94,118,20.2156
94,119,16.1714
94,120,26.7709
94,121,26.7311
94,122,28.767
94,123,5.8865
94,124,23.161
94,125,7.7552
94,126,6.4667
94,127,18.2409
94,128,25.8201
94,129,10.9015
94,130,19.8763
94,131,3.9966
94,132,19.5486
94,133,7.3881
94,134,11.6507
94,135,3.8022
94,136,5.6111
94,137,28.0681
94,138,8.704
94,139,9.5001
94,140,5.6305
94,141,19.205
94,142,5.8101
94,143,9.3804
94,144,18.7614
94,145,20.39
94,146,3.7117
94,148,24.922
94,149,9.2868
94,150,20.8078
94,151,24.7938
94,152,18.6028
94,153,19.7871
94,154,29.5891
94,155,12.9766
94,156,4.6924
94,157,19.7924
94,158,11.1268
94,159,4.8624
94,160,24.7639
94,161,13.4835
94,162,27.8078
94,163,29.4944
94,164,14.2338
94,165,9.7614
94,166,12.6535
94,167,8.5496
94,168,16.454
94,169,28.6073
95,98,4.2945
95,100,9.9832
95,102,28.377
95,106,27.438
95,110,22.7063
95,116,18.5339
95,124,22.5678
95,128,29.5222
95,129,6.3776
95,131,17.2151
95,137,28.8089
95,139,6.2279
95,140,2.7456
95,143,15.8335
95,145,14.6662
95,147,27.8377
95,151,18.3397
95,152,8.1054
95,153,22.9424
95,155,26.3744
95,156,27.9253
95,158,18.8631
95,169,6.7314
96,97,18.5793
96,98,14.6243
96,99,24.967
96,100,7.1494
96,101,13.8703
96,102,19.2356
96,103,5.8653
96,104,20.0398
96,105,22.8958
96,106,22.2573
96,107,25.9494
96,108,28.0342
96,109,16.1366
96,110,25.9497
96,111,28.7697
96,112,28.0279
96,113,22.3211
96,114,28.9191
96,115,7.6819
96,116,12.9503
96,117,5.3466
96,118,14.0294
96,119,6.5583
96,120,2.7413
96,121,27.5201
96,122,26.0598
96,123,9.752
96,124,8.9477
96,125,17.8975
96,126,15.0873
96,127,22.2465
96,128,10.7959
96,129,3.7348
96,130,11.0542
96,131,2.097
96,132,2.0003
96,133,27.6314
96,134,6.9411
96,135,10.5817
96,136,4.6317
96,137,12.4331
96,138,9.4967
96,139,16.3242
96,140,22.3603
96,141,29.8505
96,142,20.3024
96,143,9.2947
96,144,14.078
96,145,12.8988
96,146,13.781
96,147,14.0904
96,148,22.0419
96,149,4.7725
96,150,20.4152
96,151,24.8586
96,152,8.9232
96,153,27.3755
96,154,20.5074
96,155,18.3885
96,156,27.6722
96,157,15.2573
96,158,26.2439
96,159,7.0017
96,160,5.7241
96,161,26.6748
96,162,11.527
96,163,24.0855
96,164,18.1295
96,165,17.4703
96,166,29.4137
96,167,17.9812
96,168,28.7024
96,169,3.1991
97,98,29.524
97,99,27.1428
97,100,28.7452
97,101,7.1127
97,102,3.5327
97,103,19.637
97,104,27.8292
97,105,6.8204
97,106,5.931
97,107,27.0422
97,108,24.1159
97,109,11.193
97,110,3.7461
97,111,27.6054
97,112,17.3348
97,113,2.05
97,114,25.1383
97,115,6.0868
97,116,6.2201
97,117,27.5641
97,118,24.7555
97,119,15.0524
97,120,29.6637
97,121,18.9018
97,122,19.0663
97,123,22.0637
97,124,11.2823
97,125,15.908
97,126,26.3158
97,127,16.6339
97,128,24.8996
97,129,13.9989
97,130,14.8177
97,131,21.9103
97,132,3.0644
97,133,27.0457
97,134,20.8269
97,135,5.8908
97,136,29.9535
97,137,29.373
97,138,26.6862
97,139,18.1349
97,140,6.6907
97,141,1.3117
97,142,7.4887
97,143,13.1497
97,144,16.9636
97,145,6.8732
97,146,25.5455
97,147,8.4951
97,148,29.9977
97,149,14.6449
97,150,2.2051
97,151,7.9856
97,152,9.396
97,153,14.3152
97,154,21.9734
97,155,10.5581
97,156,28.2497
97,157,9.0677
97,158,9.2655
97,159,3.5623
97,160,6.1217
97,161,12.8608
97,162,9.592
97,163,14.5995
97,164,2.8626
97,165,29.4976
97,166,16.3197
97,167,19.6923
97,168,7.5509
97,169,21.1846
98,99,14.4758
98,100,9.4763
98,101,9.1975
98,102,6.6149
98,103,19.4107
98,104,11.3244
98,105,13.893
98,106,19.2845
98,107,14.3592
98,108,7.2556
98,109,27.7575
98,111,9.3668
98,112,29.402
98,113,25.4927
98,115,18.3152
98,116,2.9266
98,117,15.1713
98,118,28.4493
98,120,12.1692
98,121,23.3588
98,122,19.6939
98,123,9.9311
98,124,6.0151
98,125,3.546
98,126,15.0149
98,127,28.53
98,128,7.9774
98,129,2.488
98,130,26.5279
98,131,8.0868
98,132,7.6068
98,133,25.1839
98,134,4.1272
98,135,9.5169
98,136,26.4223
98,137,17.7316
98,138,20.2405
98,139,8.3384
98,140,23.9712
98,141,15.4419
98,142,29.4589
98,143,20.2511
98,144,12.3538
98,145,15.2852
98,148,6.9154
98,149,27.503
98,150,5.9378
98,151,29.9916
98,152,27.5021
98,153,14.2066
98,154,7.8788
98,155,21.7793
98,156,17.216
98,157,17.0848
98,158,19.0941
98,160,10.8801
98,161,14.1819
98,162,22.7943
98,163,21.3252
98,165,22.661
98,166,12.2303
98,167,24.6776
99,100,9.7047
99,101,5.352
99,103,18.3014
99,109,17.9117
99,110,18.7204
99,111,3.8607
99,112,23.9181
99,113,27.3966
99,114,6.8211
99,115,3.8307
99,116,2.8885
99,124,29.2806
99,127,14.3345
99,128,16.7911
99,130,2.4246
99,131,10.3591
99,132,1.4736
99,133,8.3167
99,134,4.8846
99,135,3.0283
99,138,7.9763
99,141,8.4793
99,142,7.8356
99,143,27.8909
99,144,18.6247
99,147,10.1938
99,148,2.7593
99,150,20.4824
99,151,12.1727
99,153,3.7424
99,154,3.0167
99,158,26.9492
99,159,22.2164
99,162,1.5019
99,165,18.1285
99,166,18.8707
99,169,9.2034
101,102,6.9735
101,107,10.2951
101,111,19.4954
101,112,3.6517
101,114,22.7183
101,117,20.602
101,118,22.1234
101,119,6.3327
101,121,22.7883
101,123,26.8452
101,125,13.9963
101,129,15.2357
101,130,26.0013
101,135,1.9714
101,139,24.082
101,141,16.7172
101,142,16.4877
101,144,28.3205
101,147,25.7894
101,148,12.2792
101,149,8.5085
101,154,29.6274
101,158,24.186
101,159,13.1502
101,161,3.4772
101,162,23.5374
102,104,9.7958
102,106,29.1238
102,107,14.0757
102,109,28.9129
102,110,21.389
102,112,13.2226
102,113,1.9821
102,114,7.6723
102,115,9.5833
102,117,22.4945
102,119,12.3205
102,120,24.4995
102,123,20.6923
102,124,4.8513
102,125,28.2123
102,127,15.2073
102,128,19.8188
102,132,19.3077
102,134,29.2702
102,135,23.1079
102,136,29.8185
102,137,29.2869
102,138,22.7015
102,139,3.1873
102,145,27.3384
102,146,2.4014
102,147,22.8798
102,149,22.6536
102,151,6.997
102,153,11.6039
102,154,16.6354
102,155,26.2984
102,156,9.7139
102,157,10.0432
102,159,21.1087
102,160,4.9432
102,161,25.238
102,163,5.1568
102,169,23.5222
103,105,5.1612
103,106,12.2211
103,108,2.4251
103,109,27.4224
103,112,29.6553
103,113,11.2649
103,115,16.8331
103,116,18.7058
103,118,15.3179
103,119,14.0293
103,120,3.8689
103,121,19.6712
103,125,24.7054
103,128,25.1014
103,129,28.0493
103,130,29.8151
103,132,7.8724
103,134,12.9913
103,135,10.0407
103,139,18.1708
103,140,1.719
103,141,7.5846
103,142,1.2731
103,143,20.6281
103,145,25.0618
103,146,18.9758
103,149,21.9204
103,150,5.3971
103,151,19.8791
103,152,16.6349
103,157,13.2854
103,158,4.1304
103,161,19.8153
103,162,25.3695
103,163,14.6968
103,165,26.7368
103,168,3.1507
103,169,22.8224
104,105,20.9128
104,106,24.7385
104,107,29.5026
104,108,26.9944
104,109,19.3281
104,110,25.8154
104,111,20.4297
104,112,3.4339
104,113,4.4803
104,114,21.0532
104,115,3.1737
104,116,27.9215
104,117,2.3928
104,118,23.9071
104,119,26.8038
104,120,24.9394
104,121,20.94
104,122,23.1491
104,123,6.3755
104,124,21.627
104,125,7.5614
104,126,28.6093
104,127,10.5604
104,128,27.8134
104,129,9.0771
104,130,9.0739
104,131,1.9555
104,132,14.8766
104,133,7.8205
104,134,9.972
104,135,1.9828
104,136,20.246
104,137,15.1534
104,138,23.6109
104,139,11.5754
104,140,14.2018
104,141,3.0646
104,142,26.1702
104,143,29.1369
104,144,12.9169
104,145,29.9073
104,146,3.0552
104,147,6.9076
104,148,17.7451
104,149,8.3686
104,150,3.5693
104,151,5.6285
104,152,17.6508
104,153,28.356
104,154,14.6808
104,155,12.1344
104,156,25.5855
104,157,13.6998
104,158,14.7478
104,159,6.6767
104,160,12.3143
104,161,10.475
104,162,17.9204
104,163,4.4057
104,164,15.459
104,165,20.4987
104,166,10.1864
104,167,13.4459
104,168,26.8417
104,169,4.9529
105,106,23.7799
105,107,25.9455
105,108,17.5963
105,109,5.5132
105,110,10.4091
105,111,24.2567
105,112,2.1909
105,113,3.4931
105,114,23.1612
105,115,10.3249
105,116,28.4917
105,117,15.6015
105,118,22.3264
105,119,20.5508
105,120,11.2195
105,121,10.0807
105,122,28.511
105,123,3.0378
105,124,25.9195
105,125,29.4976
105,126,27.8554
105,127,27.2778
105,128,2.5866
105,129,2.2005
105,130,13.1836
105,131,5.5449
105,132,23.1638
105,133,12.1372
105,134,10.0056
105,135,23.8535
105,136,2.2057
105,137,19.7696
105,138,26.1869
105,139,14.7158
105,140,29.2422
105,141,18.286
105,142,27.3649
105,143,15.0386
105,144,13.5101
105,145,10.8983
105,146,10.8696
105,147,26.2191
105,148,28.9458
105,149,7.2969
105,150,1.8206
105,151,17.8134
105,152,18.318
105,153,5.1732
105,154,23.0815
105,155,9.0381
105,156,14.5239
105,157,15.6168
105,158,2.2785
105,159,18.9638
105,160,6.331
105,161,25.0247
105,162,23.6555
105,163,8.0262
105,164,23.6943
105,165,4.0194
105,166,3.4726
105,167,8.2518
105,168,21.7373
105,169,26.2078
106,109,28.7856
106,114,11.2444
106,115,7.7743
106,116,19.8622
106,122,25.3172
106,124,17.2129
106,125,14.5691
106,128,24.1828
106,129,26.9267
106,137,29.229
106,140,4.7276
106,150,3.2394
106,156,3.976
106,159,5.7925
106,161,26.7599
106,168,15.7688
107,108,23.1076
107,109,21.665
107,110,15.1039
107,111,29.2783
107,112,25.0474
107,113,9.3507
107,114,19.3028
107,115,6.3969
107,116,3.9
107,117,24.0689
107,118,10.6413
107,119,16.7794
107,120,12.3291
107,121,6.6643
107,122,6.039
107,123,15.3201
107,124,1.2261
107,125,3.203
107,126,18.8602
107,127,3.6341
107,128,28.2314
107,129,28.5915
107,130,12.1398
107,131,17.7015
107,132,2.0364
107,133,15.1801
107,134,18.0294
107,135,15.7894
107,136,18.5001
107,137,29.3548
107,138,2.2246
107,139,7.9042
107,140,10.2678
107,141,10.4076
107,142,21.2478
107,143,6.2487
107,144,10.5936
107,145,21.992
107,146,10.2872
107,147,25.1405
107,148,12.9178
107,149,9.5563
107,150,10.4923
107,151,20.8745
107,152,10.9555
107,153,27.2145
107,154,25.8509
107,155,17.5526
107,156,3.1001
107,157,25.2417
107,158,1.4258
107,159,14.9595
107,160,19.2349
107,161,12.2144
107,162,9.893
107,163,27.5999
107,164,26.8367
107,165,28.2818
107,166,19.4067
107,167,22.579
107,168,17.6642
107,169,1.7919
109,110,19.7113
109,111,1.9942
109,112,26.2118
109,113,14.4718
109,114,13.7034
109,115,1.4002
109,116,17.8762
109,117,27.0273
109,118,29.7959
109,119,4.5857
109,120,9.3318
109,121,25.3812
109,122,3.8528
109,123,5.7576
109,124,5.4197
109,125,28.7156
109,126,27.9775
109,127,1.9287
109,128,20.4349
109,129,26.836
109,130,19.8792
109,131,19.8205
109,132,16.2172
109,133,28.3666
109,134,12.5422
109,135,13.9447
109,136,28.6993
109,137,29.924
109,138,8.4993
109,139,15.4883
109,140,26.9708
109,141,19.468
109,142,20.4904
109,143,26.88
109,144,24.3724
109,145,25.765
109,146,15.6568
109,147,6.8577
109,148,11.0409
109,149,1.9863
109,150,15.886
109,151,17.6561
109,152,22.6949
109,153,29.2038
109,154,7.8314
109,155,22.7511
109,156,15.2812
109,157,11.4063
109,158,15.6237
109,159,11.8042
109,160,22.511
109,161,18.5337
109,162,22.7365
109,163,9.7121
109,164,20.302
109,165,22.6043
109,166,21.5142
109,167,4.3765
109,168,10.5487
109,169,28.3291
110,112,6.1339
110,114,1.7889
110,115,9.4966
110,118,1.8972
110,119,15.5184
110,125,16.5239
110,128,7.727
110,131,2.7221
110,133,17.1733
110,136,9.2228
110,137,27.4194
110,139,19.177
110,146,28.1113
110,147,13.7574
110,149,27.0323
110,152,20.8196
110,154,12.8926
110,159,2.0952
110,162,20.2237
110,167,12.4573
110,168,24.0681
111,115,14.5754
111,117,3.8001
111,118,18.4855
111,119,23.561
111,122,17.2644
111,123,22.1874
111,124,7.7731
111,125,23.8474
111,127,15.4876
111,129,19.8025
111,130,16.1594
111,132,27.9675
111,133,19.3285
111,134,27.7085
111,138,10.4354
111,139,19.8484
111,141,15.9606
111,143,15.2992
111,145,20.5839
111,146,21.7607
111,147,2.5877
111,148,13.4468
111,153,24.8653
111,155,2.007
111,156,3.9704
111,157,14.0993
111,159,26.508
111,163,1.1876
111,165,2.5341
111,166,26.9846
111,168,28.2882
111,169,15.5231
112,113,20.3291
112,114,13.7499
112,115,25.2026
112,116,29.7333
112,117,26.0689
112,118,7.8959
112,120,18.9399
112,121,13.3037
112,123,26.0436
112,124,20.073
112,127,1.9712
112,128,27.6561
112,129,14.6152
112,131,29.8107
112,132,16.7907
112,133,7.9724
112,134,15.0458
112,135,21.5639
112,136,14.6309
112,137,13.0867
112,138,3.6314
112,139,17.4645
112,140,23.5015
112,141,6.6449
112,142,12.4464
112,144,9.5602
112,145,18.7672
112,146,7.6154
112,147,10.0515
112,148,19.6247
112,149,21.2357
112,151,18.7027
112,152,26.5358
112,153,1.9624
112,154,15.5705
112,155,13.992
112,156,14.8731
112,157,24.7508
112,158,17.8249
112,160,21.3845
112,161,4.8249
112,162,11.119
112,163,9.4132
112,164,22.3986
112,166,1.2293
112,167,11.5131
112,168,14.2638
112,169,12.8012
113,114,5.0719
113,115,16.9291
113,116,12.6622
113,117,26.8037
113,118,8.9947
113,119,26.3044
113,120,18.3803
113,121,28.1619
113,122,6.6128
113,123,26.4525
113,124,22.6611
113,125,22.699
113,126,22.9738
113,127,12.3134
113,128,24.2189
113,129,1.7142
113,130,13.9053
113,131,19.5987
113,132,1.7846
113,133,3.1839
113,134,5.2431
113,135,21.6716
113,136,26.7551
113,137,7.8697
113,138,21.628
113,139,3.982
113,140,8.9189
113,141,20.5361
113,142,11.013
113,143,18.8878
113,144,18.3489
113,145,14.8513
113,146,16.9321
113,147,20.4972
113,148,9.8186
113,149,29.8112
113,150,18.6293
113,151,16.277
113,152,22.6074
113,153,21.8103
113,154,23.7787
113,155,29.3203
113,156,27.817
113,157,3.851
113,158,16.5412
113,159,22.2042
113,160,4.4916
113,161,3.107
113,162,15.3844
113,163,29.3887
113,164,16.9613
113,165,11.0351
113,166,17.4444
113,167,15.1045
113,168,6.7871
113,169,12.429
114,115,19.3261
114,116,27.0237
114,117,2.4524
114,118,4.0217
114,119,22.259
114,120,19.8126
114,121,3.4033
114,122,12.5747
114,123,25.5283
114,124,9.1556
114,125,14.2279
114,126,7.8111
114,127,22.544
114,128,18.4649
114,129,17.7553
114,130,24.0839
114,131,25.5067
114,132,24.0184
114,133,16.5686
114,134,10.714
114,135,26.0316
114,136,15.0835
114,137,25.673
114,138,26.6998
114,139,2.3382
114,140,18.5351
114,141,29.6383
114,143,20.9175
114,144,14.1527
114,145,18.5971
114,146,5.0147
114,147,17.5352
114,148,25.9783
114,149,19.1606
114,151,6.2673
114,153,24.5506
114,154,2.1577
114,155,1.0082
114,156,29.6177
114,157,29.3017
114,158,5.8676
114,159,7.4649
114,160,4.0528
114,161,19.8845
114,163,29.0654
114,164,18.3829
114,165,20.0914
114,166,16.2647
114,168,27.196
114,169,14.3046
118,119,7.3718
118,121,13.0273
118,126,13.3891
118,127,25.6037
118,129,1.1586
118,139,5.3487
118,140,9.6783
118,149,10.2916
118,166,24.3561
119,121,3.0644
119,122,22.0612
119,123,25.4544
119,124,8.932
119,125,17.7797
119,128,24.5271
119,129,21.04
119,130,24.7374
119,131,4.1382
119,135,25.0911
119,136,8.7627
119,137,11.1613
119,138,28.3132
119,139,19.9955
119,140,7.7955
119,142,11.9322
119,143,4.8163
119,145,19.9654
119,146,11.3121
119,148,16.3216
119,150,9.3614
119,151,12.8228
119,153,29.9017
119,154,28.4894
119,157,19.9139
119,158,15.7477
119,159,17.95
119,160,28.3119
119,161,27.8592
119,164,14.2147
119,165,10.5064
119,166,17.5012
119,167,4.1835
119,168,25.5188
122,126,29.5946
122,147,8.564
122,160,11.5915
123,127,1.0893
123,136,8.4856
123,137,2.8865
123,139,15.3835
123,150,24.0096
123,151,29.9893
123,152,1.729
123,154,26.9194
123,156,28.8056
124,125,23.199
124,126,2.3818
124,127,18.715
124,129,27.0024
124,131,17.5317
124,132,23.0578
124,133,23.5325
124,134,8.4295
124,135,28.2378
124,136,1.6178
124,137,4.2394
124,138,24.6152
124,139,17.9871
124,140,22.0317
124,141,4.3282
124,142,21.1153
124,143,17.4191
124,144,9.0802
124,145,23.0904
124,146,4.8194
124,147,26.6012
124,148,4.9127
124,149,13.9994
124,150,20.0615
124,151,1.0882
124,152,26.9407
124,153,24.9963
124,154,19.4295
124,155,6.1694
124,156,21.5874
124,158,21.8871
124,159,28.9017
124,160,7.259
124,161,17.075
124,162,16.4941
124,163,19.1638
124,164,27.9803
124,165,27.9561
124,166,26.2641
124,167,18.2556
124,169,14.9722
125,126,4.6103
125,131,26.4817
125,132,19.7881
125,134,8.4384
125,139,21.7112
125,146,9.12
125,156,25.4479
125,158,14.7953
125,159,13.3139
125,161,1.3617
125,163,14.167
125,164,6.7079
126,127,17.4384
126,128,29.3184
126,129,6.208
126,131,6.0371
126,132,21.3585
126,133,26.39
126,134,23.0898
126,135,18.7586
126,136,16.685
126,137,5.8318
126,138,16.8808
126,139,21.9447
126,140,1.684
126,141,18.2291
126,142,4.3715
126,143,17.6007
126,145,2.413
126,146,6.8233
126,147,11.333
126,148,23.3301
126,149,26.6689
126,151,25.5581
126,152,1.4046
126,153,10.5329
126,154,11.3027
126,155,23.5515
126,156,2.5712
126,157,14.3527
126,159,29.7655
126,160,6.9963
126,161,28.7029
126,162,14.1912
126,163,23.0252
126,165,25.4014
126,167,15.2784
126,168,5.0106
126,169,6.5675
127,128,21.8657
127,129,20.0836
127,130,9.6054
127,131,17.3629
127,132,7.3294
127,133,13.901
127,134,16.1368
127,135,9.1457
127,136,12.9777
127,137,19.4271
127,138,26.3605
127,140,26.9848
127,141,26.8088
127,142,22.9518
127,143,13.1204
127,144,20.2483
127,145,21.7805
127,146,28.8926
127,147,13.6311
127,148,13.8261
127,149,25.6611
127,150,5.4383
127,151,15.8764
127,152,14.6068
127,153,21.1587
127,154,7.2079
127,155,2.4021
127,156,24.5561
127,157,11.6402
127,158,22.7003
127,159,22.3749
127,160,11.8442
127,161,27.0811
127,162,29.6555
127,163,24.8546
127,164,29.9039
127,165,14.1426
127,166,2.8719
127,167,7.8668
127,168,13.3533
127,169,26.2075
128,129,17.62
128,130,28.2246
128,131,18.5802
128,132,13.8319
128,133,17.1214
128,134,22.6571
128,135,23.8526
128,136,14.0
128,137,27.387
128,138,9.7693
128,139,11.8475
128,140,18.9754
128,141,12.3538
128,142,18.2778
128,143,21.9896
128,144,4.3615
128,145,3.5337
128,146,12.3492
128,147,26.5569
128,148,10.5971
128,149,13.952
128,150,15.3598
128,151,18.3592
128,152,10.8665
128,153,3.5489
128,154,5.3915
128,155,9.3742
128,156,6.3501
128,157,16.9492
128,158,5.8744
128,159,21.8016
128,160,28.9662
128,161,8.9162
128,162,9.9231
128,163,4.8961
128,164,14.4637
128,165,10.0119
128,166,1.1098
128,167,20.0642
128,168,13.4012
128,169,21.6828
129,130,3.8784
129,131,25.8829
129,132,24.079
129,133,25.0002
129,134,6.6756
129,135,29.8191
129,136,20.8701
129,137,28.9283
129,138,9.506
129,139,22.0876
129,140,25.7575
129,141,12.2534
129,142,28.4512
129,143,28.2933
129,144,20.6631
129,145,17.6538
129,146,20.7466
129,147,14.9245
129,148,18.1547
129,149,3.9307
129,150,2.1655
129,151,25.7962
129,152,21.0737
129,153,9.0284
129,154,15.1602
129,155,13.2092
129,156,29.7341
129,157,5.891
129,158,1.0562
129,159,10.3773
129,160,12.9816
129,161,20.3178
129,162,7.2
129,163,29.2162
129,164,22.9586
129,165,13.0456
129,166,21.8092
129,167,21.2456
129,168,2.5859
129,169,14.4811
132,133,6.1113
132,135,6.7337
132,136,8.7188
132,137,29.4989
132,138,16.8099
132,139,24.0796
132,142,15.3199
132,144,28.2603
132,146,10.7968
132,148,11.0086
132,150,20.6007
132,153,10.5368
132,154,28.2475
132,155,4.0685
132,157,8.6176
132,161,10.2924
132,162,11.803
132,163,6.3985
132,164,7.8262
132,165,15.4234
132,169,17.2651
133,134,12.9762
133,135,24.8849
133,136,3.4657
133,137,1.6821
133,138,5.5455
133,139,24.0542
133,140,23.1314
133,141,26.1023
133,142,26.2219
133,143,12.1213
133,144,10.8978
133,145,20.0568
133,146,12.6138
133,147,2.4914
133,148,25.8433
133,149,29.576
133,150,10.4384
133,151,22.7943
133,152,7.6403
133,153,21.9619
133,154,3.6301
133,155,2.0216
133,156,18.8431
133,157,4.7802
133,158,8.2492
133,159,23.8187
133,160,12.8095
133,161,25.4518
133,162,29.5121
133,163,29.903
133,164,19.4308
133,165,28.8653
133,166,11.6696
133,167,26.2104
133,168,18.7427
133,169,21.7522
137,140,15.4795
137,143,22.3337
137,147,4.4615
137,153,11.248
137,160,4.7524
137,164,22.4566
137,165,17.7902
138,139,27.2189
138,140,15.3444
138,145,25.3923
138,146,14.2736
138,148,27.8786
138,150,3.3403
138,152,21.9119
138,153,21.9046
138,155,25.1243
138,157,23.0298
138,158,12.1144
138,160,22.5734
138,162,2.3736
138,164,25.7007
138,165,27.63
138,166,10.8367
138,167,3.7595
141,142,26.9209
141,143,17.0132
141,144,11.3283
141,145,6.8209
141,146,16.5244
141,147,25.71
141,148,20.5045
141,149,15.2428
141,150,18.4456
141,151,7.1078
141,152,29.6191
141,153,15.3963
141,154,16.6677
141,155,19.4461
141,156,26.981
141,157,9.2136
141,158,11.2809
141,159,18.3476
141,160,25.8361
141,161,10.3545
141,162,15.2095
141,163,27.5706
141,164,10.7533
141,165,27.5028
141,166,29.2072
141,167,17.8198
141,168,23.3164
141,169,4.7459
144,145,11.5931
144,146,29.6499
144,147,15.046
144,148,7.9861
144,149,1.5049
144,150,25.4744
144,151,3.3891
144,152,1.3666
144,153,28.0746
144,154,15.0766
144,155,14.2618
144,156,14.6188
144,157,15.7877
144,158,22.4485
144,159,4.6345
144,160,23.7368
144,161,22.5096
144,162,28.1562
144,163,8.6913
144,164,3.9207
144,165,7.4316
144,166,28.2214
144,167,23.4375
144,168,29.2945
144,169,1.1255
145,146,17.7392
145,147,9.115
145,148,10.6902
145,149,27.9477
145,150,7.5275
145,151,5.5652
145,152,9.2073
145,153,2.761
145,154,29.8183
145,155,25.1435
145,156,3.952
145,157,28.3703
145,158,29.0578
145,159,9.5556
145,160,11.9212
145,161,14.0293
145,162,6.1169
145,163,12.3869
145,164,9.9779
145,165,18.0761
145,166,25.0474
145,167,18.9012
145,168,23.9749
145,169,7.8019
148,149,13.0474
148,150,16.3043
148,151,14.4739
148,152,13.6183
148,153,9.5533
148,154,18.6413
148,155,8.7385
148,156,2.9383
148,157,20.3534
148,158,2.4925
148,159,25.4055
148,160,1.3061
148,161,5.9587
148,162,21.6435
148,163,7.044
148,164,21.1113
148,165,24.6305
148,166,14.0841
148,167,12.9038
148,168,27.0837
148,169,17.576
149,150,15.2786
149,151,26.9815
149,152,28.9195
149,153,5.1728
149,154,19.6738
149,155,1.3424
149,156,5.703
149,157,24.9766
149,158,28.8244
149,159,29.3866
149,160,12.8574
149,161,17.9244
149,162,6.7876
149,163,22.0858
149,164,7.4817
149,165,15.5876
149,166,18.6134
149,167,6.9088
149,168,20.07
149,169,6.8735
151,152,9.6806
151,153,18.7236
151,154,24.4409
151,155,11.7545
151,156,27.9226
151,157,14.4899
151,158,12.6015
151,159,2.2334
151,160,5.2534
151,161,1.3153
151,162,21.4027
151,163,5.0254
151,164,15.3389
151,165,8.3415
151,166,12.1681
151,167,12.1269
151,168,15.3497
151,169,23.313
153,154,16.0678
153,155,3.132
153,156,21.9633
153,157,22.6644
153,158,11.9656
153,159,26.0096
153,160,21.1544
153,161,17.4839
153,162,14.3592
153,163,16.7153
153,164,2.5644
153,165,10.1148
153,166,2.6382
153,167,7.1882
153,168,3.1327
153,169,15.6442
154,155,6.2279
154,156,3.1416
154,157,26.3037
154,158,8.0914
154,159,4.3603
154,160,7.4154
154,161,14.7186
154,162,4.7116
154,163,28.7897
154,164,14.3264
154,165,19.2323
154,166,18.5195
154,167,6.6589
154,168,4.2376
154,169,19.8965
156,157,9.7394
156,158,18.1911
156,159,16.9972
156,160,23.5223
156,161,5.0933
156,162,12.0771
156,163,29.3369
156,164,23.2803
156,165,29.5865
156,166,7.9053
156,167,21.9374
156,168,29.1316
156,169,2.6291
159,160,20.1418
159,161,24.7533
159,162,15.7405
159,163,10.7048
159,164,14.9719
159,165,20.2925
159,166,7.2808
159,167,9.9799
159,168,20.5886
159,169,1.2389
160,161,21.5354
160,162,14.8062
160,163,17.1797
160,164,17.4185
160,165,25.433
160,166,10.6738
160,167,20.3842
160,168,2.1386
160,169,2.0767
161,162,12.6027
161,163,26.9666
161,164,2.9573
161,165,4.8088
161,166,27.0345
161,167,7.6661
161,168,8.5922
161,169,4.2274
162,163,8.9931
162,164,12.0627
162,165,20.0472
162,166,4.408
162,167,1.8101
162,168,14.791
162,169,9.0941
163,164,10.987
163,165,17.3393
163,166,2.8417
163,167,27.1361
163,168,22.3155
163,169,2.8107
164,165,13.1071
164,166,9.7781
164,167,8.5122
164,168,26.6178
164,169,16.4288
165,166,3.3696
165,167,4.3926
165,168,4.4794
165,169,26.9729
166,167,10.0593
166,168,6.4106
166,169,11.2792
